  0.50000000E-01  0.30406533E-06 -0.47119914E-08
  0.60000000E-01  0.30407932E-06 -0.46564805E-08
  0.70000000E-01  0.30409587E-06 -0.45998509E-08
  0.80000000E-01  0.30411496E-06 -0.45419502E-08
  0.90000000E-01  0.30413661E-06 -0.44826244E-08
  0.10000000E+00  0.30416081E-06 -0.44217176E-08
  0.11000000E+00  0.30418758E-06 -0.43590725E-08
  0.12000000E+00  0.30421690E-06 -0.42945300E-08
  0.13000000E+00  0.30424879E-06 -0.42279298E-08
  0.14000000E+00  0.30428325E-06 -0.41591100E-08
  0.15000000E+00  0.30432029E-06 -0.40879074E-08
  0.16000000E+00  0.30435990E-06 -0.40141574E-08
  0.17000000E+00  0.30440209E-06 -0.39376947E-08
  0.18000000E+00  0.30444686E-06 -0.38583524E-08
  0.19000000E+00  0.30449422E-06 -0.37759631E-08
  0.20000000E+00  0.30454418E-06 -0.36903583E-08
  0.21000000E+00  0.30459672E-06 -0.36013688E-08
  0.22000000E+00  0.30465187E-06 -0.35088248E-08
  0.23000000E+00  0.30470962E-06 -0.34125560E-08
  0.24000000E+00  0.30476998E-06 -0.33123917E-08
  0.25000000E+00  0.30483294E-06 -0.32081611E-08
  0.26000000E+00  0.30489852E-06 -0.30996928E-08
  0.27000000E+00  0.30496671E-06 -0.29868160E-08
  0.28000000E+00  0.30503751E-06 -0.28693595E-08
  0.29000000E+00  0.30511092E-06 -0.27471527E-08
  0.30000000E+00  0.30518696E-06 -0.26200252E-08
  0.31000000E+00  0.30526561E-06 -0.24878071E-08
  0.32000000E+00  0.30534687E-06 -0.23503294E-08
  0.33000000E+00  0.30543075E-06 -0.22074237E-08
  0.34000000E+00  0.30551723E-06 -0.20589226E-08
  0.35000000E+00  0.30560633E-06 -0.19046598E-08
  0.36000000E+00  0.30569803E-06 -0.17444702E-08
  0.37000000E+00  0.30579232E-06 -0.15781900E-08
  0.38000000E+00  0.30588920E-06 -0.14056570E-08
  0.39000000E+00  0.30598867E-06 -0.12267106E-08
  0.40000000E+00  0.30609072E-06 -0.10411921E-08
  0.41000000E+00  0.30619532E-06 -0.84894449E-09
  0.42000000E+00  0.30630248E-06 -0.64981294E-09
  0.43000000E+00  0.30641219E-06 -0.44364476E-09
  0.44000000E+00  0.30652441E-06 -0.23028957E-09
  0.45000000E+00  0.30663916E-06 -0.95994040E-11
  0.46000000E+00  0.30675639E-06  0.21857117E-09
  0.47000000E+00  0.30687610E-06  0.45436492E-09
  0.48000000E+00  0.30699828E-06  0.69792187E-09
  0.49000000E+00  0.30712288E-06  0.94937915E-09
  0.50000000E+00  0.30724990E-06  0.12088710E-08
  0.51000000E+00  0.30737932E-06  0.14765284E-08
  0.52000000E+00  0.30751109E-06  0.17524795E-08
  0.53000000E+00  0.30764521E-06  0.20368490E-08
  0.54000000E+00  0.30778163E-06  0.23297583E-08
  0.55000000E+00  0.30792034E-06  0.26313257E-08
  0.56000000E+00  0.30806130E-06  0.29416658E-08
  0.57000000E+00  0.30820447E-06  0.32608898E-08
  0.58000000E+00  0.30834982E-06  0.35891057E-08
  0.59000000E+00  0.30849733E-06  0.39264175E-08
  0.60000000E+00  0.30864694E-06  0.42729261E-08
  0.61000000E+00  0.30879863E-06  0.46287286E-08
  0.62000000E+00  0.30895235E-06  0.49939186E-08
  0.63000000E+00  0.30910807E-06  0.53685863E-08
  0.64000000E+00  0.30926574E-06  0.57528183E-08
  0.65000000E+00  0.30942532E-06  0.61466976E-08
  0.66000000E+00  0.30958677E-06  0.65503040E-08
  0.67000000E+00  0.30975004E-06  0.69637138E-08
  0.68000000E+00  0.30991509E-06  0.73870000E-08
  0.69000000E+00  0.31008188E-06  0.78202324E-08
  0.70000000E+00  0.31025035E-06  0.82634776E-08
  0.71000000E+00  0.31042046E-06  0.87167992E-08
  0.72000000E+00  0.31059216E-06  0.91802579E-08
  0.73000000E+00  0.31076541E-06  0.96539114E-08
  0.74000000E+00  0.31094015E-06  0.10137815E-07
  0.75000000E+00  0.31111633E-06  0.10632021E-07
  0.76000000E+00  0.31129390E-06  0.11136580E-07
  0.77000000E+00  0.31147282E-06  0.11651540E-07
  0.78000000E+00  0.31165303E-06  0.12176946E-07
  0.79000000E+00  0.31183448E-06  0.12712843E-07
  0.80000000E+00  0.31201712E-06  0.13259274E-07
  0.81000000E+00  0.31220089E-06  0.13816277E-07
  0.82000000E+00  0.31238575E-06  0.14383894E-07
  0.83000000E+00  0.31257164E-06  0.14962162E-07
  0.84000000E+00  0.31275851E-06  0.15551120E-07
  0.85000000E+00  0.31294630E-06  0.16150802E-07
  0.86000000E+00  0.31313497E-06  0.16761247E-07
  0.87000000E+00  0.31332446E-06  0.17382489E-07
  0.88000000E+00  0.31351471E-06  0.18014565E-07
  0.89000000E+00  0.31370567E-06  0.18657510E-07
  0.90000000E+00  0.31389729E-06  0.19311362E-07
  0.91000000E+00  0.31408952E-06  0.19976158E-07
  0.92000000E+00  0.31428230E-06  0.20651935E-07
  0.93000000E+00  0.31447557E-06  0.21338733E-07
  0.94000000E+00  0.31466929E-06  0.22036592E-07
  0.95000000E+00  0.31486339E-06  0.22745554E-07
  0.96000000E+00  0.31505783E-06  0.23465664E-07
  0.97000000E+00  0.31525255E-06  0.24196966E-07
  0.98000000E+00  0.31544750E-06  0.24939508E-07
  0.99000000E+00  0.31564261E-06  0.25693341E-07
  0.10000000E+01  0.31583785E-06  0.26458517E-07
  0.10100000E+01  0.31603316E-06  0.27235091E-07
  0.10200000E+01  0.31622847E-06  0.28023123E-07
  0.10300000E+01  0.31642375E-06  0.28822672E-07
  0.10400000E+01  0.31661894E-06  0.29633804E-07
  0.10500000E+01  0.31681398E-06  0.30456586E-07
  0.10600000E+01  0.31700882E-06  0.31291090E-07
  0.10700000E+01  0.31720342E-06  0.32137389E-07
  0.10800000E+01  0.31739773E-06  0.32995562E-07
  0.10900000E+01  0.31759169E-06  0.33865690E-07
  0.11000000E+01  0.31778525E-06  0.34747860E-07
  0.11100000E+01  0.31797838E-06  0.35642160E-07
  0.11200000E+01  0.31817102E-06  0.36548684E-07
  0.11300000E+01  0.31836312E-06  0.37467527E-07
  0.11400000E+01  0.31855464E-06  0.38398791E-07
  0.11500000E+01  0.31874555E-06  0.39342580E-07
  0.11600000E+01  0.31893579E-06  0.40299001E-07
  0.11700000E+01  0.31912532E-06  0.41268165E-07
  0.11800000E+01  0.31931410E-06  0.42250187E-07
  0.11900000E+01  0.31950210E-06  0.43245186E-07
  0.12000000E+01  0.31968927E-06  0.44253282E-07
  0.12100000E+01  0.31987558E-06  0.45274598E-07
  0.12200000E+01  0.32006098E-06  0.46309262E-07
  0.12300000E+01  0.32024545E-06  0.47357403E-07
  0.12400000E+01  0.32042895E-06  0.48419152E-07
  0.12500000E+01  0.32061144E-06  0.49494643E-07
  0.12600000E+01  0.32079288E-06  0.50584010E-07
  0.12700000E+01  0.32097325E-06  0.51687389E-07
  0.12800000E+01  0.32115250E-06  0.52804918E-07
  0.12900000E+01  0.32133061E-06  0.53936734E-07
  0.13000000E+01  0.32150753E-06  0.55082974E-07
  0.13100000E+01  0.32168323E-06  0.56243777E-07
  0.13200000E+01  0.32185768E-06  0.57419279E-07
  0.13300000E+01  0.32203083E-06  0.58609615E-07
  0.13400000E+01  0.32220265E-06  0.59814918E-07
  0.13500000E+01  0.32237310E-06  0.61035319E-07
  0.13600000E+01  0.32254213E-06  0.62270946E-07
  0.13700000E+01  0.32270970E-06  0.63521925E-07
  0.13800000E+01  0.32287576E-06  0.64788374E-07
  0.13900000E+01  0.32304027E-06  0.66070409E-07
  0.14000000E+01  0.32320317E-06  0.67368141E-07
  0.14100000E+01  0.32336442E-06  0.68681672E-07
  0.14200000E+01  0.32352395E-06  0.70011102E-07
  0.14300000E+01  0.32368172E-06  0.71356518E-07
  0.14400000E+01  0.32383765E-06  0.72718003E-07
  0.14500000E+01  0.32399169E-06  0.74095629E-07
  0.14600000E+01  0.32414377E-06  0.75489459E-07
  0.14700000E+01  0.32429382E-06  0.76899546E-07
  0.14800000E+01  0.32444178E-06  0.78325933E-07
  0.14900000E+01  0.32458757E-06  0.79768650E-07
  0.15000000E+01  0.32473112E-06  0.81227715E-07
  0.15100000E+01  0.32487236E-06  0.82703134E-07
  0.15200000E+01  0.32501120E-06  0.84194899E-07
  0.15300000E+01  0.32514757E-06  0.85702988E-07
  0.15400000E+01  0.32528139E-06  0.87227366E-07
  0.15500000E+01  0.32541259E-06  0.88767981E-07
  0.15600000E+01  0.32554108E-06  0.90324766E-07
  0.15700000E+01  0.32566678E-06  0.91897640E-07
  0.15800000E+01  0.32578962E-06  0.93486505E-07
  0.15900000E+01  0.32590953E-06  0.95091245E-07
  0.16000000E+01  0.32602642E-06  0.96711731E-07
  0.16100000E+01  0.32614023E-06  0.98347813E-07
  0.16200000E+01  0.32625087E-06  0.99999330E-07
  0.16300000E+01  0.32635829E-06  0.10166610E-06
  0.16400000E+01  0.32646241E-06  0.10334792E-06
  0.16500000E+01  0.32656318E-06  0.10504459E-06
  0.16600000E+01  0.32666053E-06  0.10675587E-06
  0.16700000E+01  0.32675439E-06  0.10848152E-06
  0.16800000E+01  0.32684473E-06  0.11022127E-06
  0.16900000E+01  0.32693149E-06  0.11197486E-06
  0.17000000E+01  0.32701462E-06  0.11374199E-06
  0.17100000E+01  0.32709407E-06  0.11552237E-06
  0.17200000E+01  0.32716981E-06  0.11731568E-06
  0.17300000E+01  0.32724180E-06  0.11912160E-06
  0.17400000E+01  0.32730999E-06  0.12093978E-06
  0.17500000E+01  0.32737436E-06  0.12276989E-06
  0.17600000E+01  0.32743489E-06  0.12461158E-06
  0.17700000E+01  0.32749153E-06  0.12646448E-06
  0.17800000E+01  0.32754426E-06  0.12832823E-06
  0.17900000E+01  0.32759306E-06  0.13020245E-06
  0.18000000E+01  0.32763791E-06  0.13208679E-06
  0.18100000E+01  0.32767877E-06  0.13398085E-06
  0.18200000E+01  0.32771564E-06  0.13588428E-06
  0.18300000E+01  0.32774848E-06  0.13779668E-06
  0.18400000E+01  0.32777728E-06  0.13971770E-06
  0.18500000E+01  0.32780201E-06  0.14164695E-06
  0.18600000E+01  0.32782266E-06  0.14358408E-06
  0.18700000E+01  0.32783919E-06  0.14552873E-06
  0.18800000E+01  0.32785159E-06  0.14748055E-06
  0.18900000E+01  0.32785984E-06  0.14943919E-06
  0.19000000E+01  0.32786391E-06  0.15140431E-06
  0.19100000E+01  0.32786378E-06  0.15337560E-06
  0.19200000E+01  0.32785943E-06  0.15535272E-06
  0.19300000E+01  0.32785084E-06  0.15733539E-06
  0.19400000E+01  0.32783799E-06  0.15932330E-06
  0.19500000E+01  0.32782087E-06  0.16131617E-06
  0.19600000E+01  0.32779945E-06  0.16331372E-06
  0.19700000E+01  0.32777373E-06  0.16531569E-06
  0.19800000E+01  0.32774369E-06  0.16732182E-06
  0.19900000E+01  0.32770934E-06  0.16933187E-06
  0.20000000E+01  0.32767066E-06  0.17134560E-06
  0.20100000E+01  0.32762767E-06  0.17336277E-06
  0.20200000E+01  0.32758037E-06  0.17538316E-06
  0.20300000E+01  0.32752878E-06  0.17740655E-06
  0.20400000E+01  0.32747291E-06  0.17943270E-06
  0.20500000E+01  0.32741279E-06  0.18146139E-06
  0.20600000E+01  0.32734845E-06  0.18349238E-06
  0.20700000E+01  0.32727993E-06  0.18552545E-06
  0.20800000E+01  0.32720728E-06  0.18756033E-06
  0.20900000E+01  0.32713053E-06  0.18959677E-06
  0.21000000E+01  0.32704975E-06  0.19163448E-06
  0.21100000E+01  0.32696499E-06  0.19367316E-06
  0.21200000E+01  0.32687631E-06  0.19571247E-06
  0.21300000E+01  0.32678378E-06  0.19775206E-06
  0.21400000E+01  0.32668746E-06  0.19979153E-06
  0.21500000E+01  0.32658742E-06  0.20183043E-06
  0.21600000E+01  0.32648372E-06  0.20386829E-06
  0.21700000E+01  0.32637645E-06  0.20590458E-06
  0.21800000E+01  0.32626565E-06  0.20793871E-06
  0.21900000E+01  0.32615139E-06  0.20997003E-06
  0.22000000E+01  0.32603374E-06  0.21199783E-06
  0.22100000E+01  0.32591275E-06  0.21402133E-06
  0.22200000E+01  0.32578848E-06  0.21603966E-06
  0.22300000E+01  0.32566096E-06  0.21805189E-06
  0.22400000E+01  0.32553025E-06  0.22005700E-06
  0.22500000E+01  0.32539639E-06  0.22205386E-06
  0.22600000E+01  0.32525940E-06  0.22404128E-06
  0.22700000E+01  0.32511931E-06  0.22601794E-06
  0.22800000E+01  0.32497615E-06  0.22798245E-06
  0.22900000E+01  0.32482995E-06  0.22993327E-06
  0.23000000E+01  0.32468073E-06  0.23186880E-06
  0.23100000E+01  0.32452849E-06  0.23378731E-06
  0.23200000E+01  0.32437328E-06  0.23568694E-06
  0.23300000E+01  0.32421510E-06  0.23756574E-06
  0.23400000E+01  0.32405399E-06  0.23942165E-06
  0.23500000E+01  0.32388999E-06  0.24125248E-06
  0.23600000E+01  0.32372312E-06  0.24305593E-06
  0.23700000E+01  0.32355344E-06  0.24482961E-06
  0.23800000E+01  0.32338101E-06  0.24657098E-06
  0.23900000E+01  0.32320590E-06  0.24827745E-06
  0.24000000E+01  0.32302819E-06  0.24994627E-06
  0.24100000E+01  0.32284798E-06  0.25157465E-06
  0.24200000E+01  0.32266540E-06  0.25315967E-06
  0.24300000E+01  0.32248056E-06  0.25469834E-06
  0.24400000E+01  0.32229363E-06  0.25618760E-06
  0.24500000E+01  0.32210475E-06  0.25762431E-06
  0.24600000E+01  0.32191413E-06  0.25900529E-06
  0.24700000E+01  0.32172195E-06  0.26032729E-06
  0.24800000E+01  0.32152843E-06  0.26158704E-06
  0.24900000E+01  0.32133381E-06  0.26278121E-06
  0.25000000E+01  0.32113834E-06  0.26390650E-06
  0.25100000E+01  0.32094227E-06  0.26495955E-06
  0.25200000E+01  0.32074590E-06  0.26593706E-06
  0.25300000E+01  0.32054950E-06  0.26683570E-06
  0.25400000E+01  0.32035338E-06  0.26765221E-06
  0.25500000E+01  0.32015787E-06  0.26838334E-06
  0.25600000E+01  0.31996327E-06  0.26902590E-06
  0.25700000E+01  0.31976994E-06  0.26957676E-06
  0.25800000E+01  0.31957822E-06  0.27003288E-06
  0.25900000E+01  0.31938848E-06  0.27039129E-06
  0.26000000E+01  0.31920109E-06  0.27064910E-06
  0.26100000E+01  0.31901645E-06  0.27080353E-06
  0.26200000E+01  0.31883495E-06  0.27085191E-06
  0.26300000E+01  0.31865701E-06  0.27079166E-06
  0.26400000E+01  0.31848310E-06  0.27062032E-06
  0.26500000E+01  0.31831366E-06  0.27033554E-06
  0.26600000E+01  0.31814918E-06  0.26993510E-06
  0.26700000E+01  0.31799019E-06  0.26941688E-06
  0.26800000E+01  0.31783722E-06  0.26877887E-06
  0.26900000E+01  0.31769085E-06  0.26801916E-06
  0.27000000E+01  0.31755168E-06  0.26713594E-06
  0.27100000E+01  0.31742034E-06  0.26612749E-06
  0.27200000E+01  0.31729751E-06  0.26499219E-06
  0.27300000E+01  0.31718389E-06  0.26372845E-06
  0.27400000E+01  0.31708020E-06  0.26233475E-06
  0.27500000E+01  0.31698721E-06  0.26080963E-06
  0.27600000E+01  0.31690570E-06  0.25915164E-06
  0.27700000E+01  0.31683649E-06  0.25735932E-06
  0.27800000E+01  0.31678040E-06  0.25543124E-06
  0.27900000E+01  0.31673827E-06  0.25336591E-06
  0.28000000E+01  0.31671095E-06  0.25116183E-06
  0.28100000E+01  0.31669931E-06  0.24881741E-06
  0.28200000E+01  0.31670419E-06  0.24633100E-06
  0.28300000E+01  0.31672646E-06  0.24370085E-06
  0.28400000E+01  0.31676694E-06  0.24092512E-06
  0.28500000E+01  0.31682647E-06  0.23800183E-06
  0.28600000E+01  0.31690586E-06  0.23492887E-06
  0.28700000E+01  0.31700591E-06  0.23170400E-06
  0.28800000E+01  0.31712738E-06  0.22832484E-06
  0.28900000E+01  0.31727105E-06  0.22478884E-06
  0.29000000E+01  0.31743764E-06  0.22109333E-06
  0.29100000E+01  0.31762788E-06  0.21723549E-06
  0.29200000E+01  0.31784249E-06  0.21321236E-06
  0.29300000E+01  0.31808218E-06  0.20902090E-06
  0.29400000E+01  0.31834764E-06  0.20465793E-06
  0.29500000E+01  0.31863959E-06  0.20012026E-06
  0.29600000E+01  0.31895876E-06  0.19540464E-06
  0.29700000E+01  0.31930588E-06  0.19050785E-06
  0.29800000E+01  0.31968172E-06  0.18542671E-06
  0.29900000E+01  0.32008707E-06  0.18015817E-06
  0.30000000E+01  0.32052277E-06  0.17469936E-06
  0.30100000E+01  0.32098969E-06  0.16904768E-06
  0.30200000E+01  0.32148875E-06  0.16320081E-06
  0.30300000E+01  0.32202093E-06  0.15715688E-06
  0.30400000E+01  0.32258724E-06  0.15091453E-06
  0.30500000E+01  0.32318877E-06  0.14447298E-06
  0.30600000E+01  0.32382665E-06  0.13783216E-06
  0.30700000E+01  0.32450206E-06  0.13099282E-06
  0.30800000E+01  0.32521627E-06  0.12395663E-06
  0.30900000E+01  0.32597056E-06  0.11672630E-06
  0.31000000E+01  0.32676631E-06  0.10930569E-06
  0.31100000E+01  0.32760493E-06  0.10169990E-06
  0.31200000E+01  0.32848790E-06  0.93915409E-07
  0.31300000E+01  0.32941677E-06  0.85960165E-07
  0.31400000E+01  0.33039312E-06  0.77843661E-07
  0.31500000E+01  0.33141865E-06  0.69577035E-07
  0.31600000E+01  0.33249508E-06  0.61173124E-07
  0.31700000E+01  0.33362424E-06  0.52646523E-07
  0.31800000E+01  0.33480801E-06  0.44013613E-07
  0.31900000E+01  0.33604838E-06  0.35292573E-07
  0.32000000E+01  0.33734741E-06  0.26503367E-07
  0.32100000E+01  0.33870724E-06  0.17667705E-07
  0.32200000E+01  0.34013011E-06  0.88089794E-08
  0.32300000E+01  0.34161833E-06 -0.47830431E-10
  0.32400000E+01  0.34317428E-06 -0.88762792E-08
  0.32500000E+01  0.34480040E-06 -0.17648608E-07
  0.32600000E+01  0.34649917E-06 -0.26335926E-07
  0.32700000E+01  0.34827309E-06 -0.34908419E-07
  0.32800000E+01  0.35012467E-06 -0.43335583E-07
  0.32900000E+01  0.35205641E-06 -0.51586486E-07
  0.33000000E+01  0.35407073E-06 -0.59630052E-07
  0.33100000E+01  0.35616999E-06 -0.67435354E-07
  0.33200000E+01  0.35835646E-06 -0.74971937E-07
  0.33300000E+01  0.36063226E-06 -0.82210139E-07
  0.33400000E+01  0.36299938E-06 -0.89121424E-07
  0.33500000E+01  0.36545961E-06 -0.95678716E-07
  0.33600000E+01  0.36801459E-06 -0.10185672E-06
  0.33700000E+01  0.37066575E-06 -0.10763225E-06
  0.33800000E+01  0.37341430E-06 -0.11298449E-06
  0.33900000E+01  0.37626126E-06 -0.11789528E-06
  0.34000000E+01  0.37920745E-06 -0.12234932E-06
  0.34100000E+01  0.38225348E-06 -0.12633429E-06
  0.34200000E+01  0.38539977E-06 -0.12984093E-06
  0.34300000E+01  0.38864655E-06 -0.13286294E-06
  0.34400000E+01  0.39199388E-06 -0.13539681E-06
  0.34500000E+01  0.39544168E-06 -0.13744135E-06
  0.34600000E+01  0.39898970E-06 -0.13899710E-06
  0.34700000E+01  0.40263756E-06 -0.14006540E-06
  0.34800000E+01  0.40638478E-06 -0.14064710E-06
  0.34900000E+01  0.41023077E-06 -0.14074104E-06
  0.35000000E+01  0.41417486E-06 -0.14034199E-06
  0.35100000E+01  0.41821632E-06 -0.13943830E-06
  0.35200000E+01  0.42235439E-06 -0.13800917E-06
  0.35300000E+01  0.42658828E-06 -0.13602152E-06
  0.35400000E+01  0.43091723E-06 -0.13342679E-06
  0.35500000E+01  0.43534052E-06 -0.13015748E-06
  0.35600000E+01  0.43985747E-06 -0.12612397E-06
  0.35700000E+01  0.44446748E-06 -0.12121158E-06
  0.35800000E+01  0.44917003E-06 -0.11527828E-06
  0.35900000E+01  0.45396460E-06 -0.10815326E-06
  0.36000000E+01  0.45885070E-06 -0.99636778E-07
  0.36100000E+01  0.46382772E-06 -0.89501346E-07
  0.36200000E+01  0.46889482E-06 -0.77494677E-07
  0.36300000E+01  0.47405080E-06 -0.63344370E-07
  0.36400000E+01  0.47929381E-06 -0.46764442E-07
  0.36500000E+01  0.48462117E-06 -0.27463570E-07
  0.36600000E+01  0.49002905E-06 -0.51548105E-08
  0.36700000E+01  0.49551210E-06  0.20433579E-07
  0.36800000E+01  0.50106317E-06  0.49546710E-07
  0.36900000E+01  0.50667284E-06  0.82391629E-07
  0.37000000E+01  0.51232909E-06  0.11912650E-06
  0.37100000E+01  0.51801687E-06  0.15985106E-06
  0.37200000E+01  0.52371770E-06  0.20459888E-06
  0.37300000E+01  0.52940928E-06  0.25333177E-06
  0.37400000E+01  0.53506521E-06  0.30593657E-06
  0.37500000E+01  0.54065473E-06  0.36222357E-06
  0.37600000E+01  0.54614276E-06  0.42192557E-06
  0.37700000E+01  0.55149016E-06  0.48469507E-06
  0.37800000E+01  0.55665453E-06  0.55009573E-06
  0.37900000E+01  0.56159163E-06  0.61758362E-06
  0.38000000E+01  0.56625769E-06  0.68647483E-06
  0.38100000E+01  0.57061263E-06  0.75590210E-06
  0.38200000E+01  0.57462435E-06  0.82477658E-06
  0.38300000E+01  0.57827370E-06  0.89179250E-06
  0.38400000E+01  0.58155951E-06  0.95553723E-06
  0.38500000E+01  0.58450267E-06  0.10147804E-05
  0.38600000E+01  0.58714787E-06  0.10689910E-05
  0.38700000E+01  0.58956109E-06  0.11190474E-05
  0.38800000E+01  0.59182158E-06  0.11679603E-05
  0.38900000E+01  0.59400657E-06  0.12212710E-05
  0.39000000E+01  0.59616772E-06  0.12867076E-05
  0.39100000E+01  0.59829756E-06  0.13727831E-05
  0.39200000E+01  0.60028339E-06  0.14863674E-05
  0.39300000E+01  0.60184564E-06  0.16297716E-05
  0.39400000E+01  0.60246117E-06  0.17983375E-05
  0.39500000E+01  0.60128846E-06  0.19796495E-05
  0.39600000E+01  0.59715919E-06  0.21550915E-05
  0.39700000E+01  0.58880585E-06  0.23036364E-05
  0.39800000E+01  0.57566260E-06  0.24068184E-05
  0.39900000E+01  0.55970935E-06  0.24532561E-05
  0.40000000E+01  0.54875092E-06  0.24411917E-05
  0.40100000E+01  0.56187195E-06  0.23782681E-05
  0.40200000E+01  0.64377416E-06  0.22788188E-05
  0.40300000E+01  0.94218873E-06  0.21598099E-05
  0.40400000E+01  0.28808704E-05  0.20368735E-05
  0.40500000E+01 -0.22940270E-05  0.19215717E-05
  0.40600000E+01 -0.87006302E-06  0.18203667E-05
  0.40700000E+01 -0.57728873E-06  0.17350968E-05
  0.40800000E+01 -0.45866979E-06  0.16643476E-05
  0.40900000E+01 -0.39817735E-06  0.16050400E-05
  0.41000000E+01 -0.36379936E-06  0.15537418E-05
  0.41100000E+01 -0.34323368E-06  0.15074881E-05
  0.41200000E+01 -0.33073274E-06  0.14641251E-05
  0.41300000E+01 -0.32323080E-06  0.14223192E-05
  0.41400000E+01 -0.31893209E-06  0.13813941E-05
  0.41500000E+01 -0.31671394E-06  0.13411203E-05
  0.41600000E+01 -0.31584389E-06  0.13015310E-05
  0.41700000E+01 -0.31583184E-06  0.12627865E-05
  0.41800000E+01 -0.31634610E-06  0.12250890E-05
  0.41900000E+01 -0.31716210E-06  0.11886345E-05
  0.42000000E+01 -0.31812917E-06  0.11535885E-05
  0.42100000E+01 -0.31914808E-06  0.11200768E-05
  0.42200000E+01 -0.32015543E-06  0.10881837E-05
  0.42300000E+01 -0.32111259E-06  0.10579535E-05
  0.42400000E+01 -0.32199781E-06  0.10293951E-05
  0.42500000E+01 -0.32280064E-06  0.10024867E-05
  0.42600000E+01 -0.32351800E-06  0.97718086E-06
  0.42700000E+01 -0.32415135E-06  0.95340975E-06
  0.42800000E+01 -0.32470487E-06  0.93109037E-06
  0.42900000E+01 -0.32518417E-06  0.91012896E-06
  0.43000000E+01 -0.32559542E-06  0.89042529E-06
  0.43100000E+01 -0.32594490E-06  0.87187624E-06
  0.43200000E+01 -0.32623862E-06  0.85437894E-06
  0.43300000E+01 -0.32648223E-06  0.83783325E-06
  0.43400000E+01 -0.32668088E-06  0.82214376E-06
  0.43500000E+01 -0.32683922E-06  0.80722125E-06
  0.43600000E+01 -0.32696143E-06  0.79298365E-06
  0.43700000E+01 -0.32705126E-06  0.77935667E-06
  0.43800000E+01 -0.32711204E-06  0.76627397E-06
  0.43900000E+01 -0.32714675E-06  0.75367713E-06
  0.44000000E+01 -0.32715806E-06  0.74151538E-06
  0.44100000E+01 -0.32714836E-06  0.72974511E-06
  0.44200000E+01 -0.32711979E-06  0.71832931E-06
  0.44300000E+01 -0.32707429E-06  0.70723690E-06
  0.44400000E+01 -0.32701360E-06  0.69644206E-06
  0.44500000E+01 -0.32693932E-06  0.68592353E-06
  0.44600000E+01 -0.32685287E-06  0.67566397E-06
  0.44700000E+01 -0.32675557E-06  0.66564924E-06
  0.44800000E+01 -0.32664860E-06  0.65586791E-06
  0.44900000E+01 -0.32653307E-06  0.64631069E-06
  0.45000000E+01 -0.32640996E-06  0.63696996E-06
  0.45100000E+01 -0.32628019E-06  0.62783941E-06
  0.45200000E+01 -0.32614460E-06  0.61891365E-06
  0.45300000E+01 -0.32600396E-06  0.61018800E-06
  0.45400000E+01 -0.32585898E-06  0.60165821E-06
  0.45500000E+01 -0.32571032E-06  0.59332029E-06
  0.45600000E+01 -0.32555859E-06  0.58517041E-06
  0.45700000E+01 -0.32540434E-06  0.57720477E-06
  0.45800000E+01 -0.32524810E-06  0.56941953E-06
  0.45900000E+01 -0.32509034E-06  0.56181081E-06
  0.46000000E+01 -0.32493151E-06  0.55437461E-06
  0.46100000E+01 -0.32477202E-06  0.54710682E-06
  0.46200000E+01 -0.32461227E-06  0.54000326E-06
  0.46300000E+01 -0.32445261E-06  0.53305964E-06
  0.46400000E+01 -0.32429337E-06  0.52627163E-06
  0.46500000E+01 -0.32413488E-06  0.51963483E-06
  0.46600000E+01 -0.32397742E-06  0.51314483E-06
  0.46700000E+01 -0.32382127E-06  0.50679724E-06
  0.46800000E+01 -0.32366667E-06  0.50058768E-06
  0.46900000E+01 -0.32351388E-06  0.49451184E-06
  0.47000000E+01 -0.32336312E-06  0.48856548E-06
  0.47100000E+01 -0.32321459E-06  0.48274444E-06
  0.47200000E+01 -0.32306850E-06  0.47704468E-06
  0.47300000E+01 -0.32292503E-06  0.47146229E-06
  0.47400000E+01 -0.32278437E-06  0.46599349E-06
  0.47500000E+01 -0.32264667E-06  0.46063462E-06
  0.47600000E+01 -0.32251210E-06  0.45538220E-06
  0.47700000E+01 -0.32238081E-06  0.45023288E-06
  0.47800000E+01 -0.32225294E-06  0.44518347E-06
  0.47900000E+01 -0.32212862E-06  0.44023093E-06
  0.48000000E+01 -0.32200799E-06  0.43537236E-06
  0.48100000E+01 -0.32189117E-06  0.43060504E-06
  0.48200000E+01 -0.32177828E-06  0.42592637E-06
  0.48300000E+01 -0.32166943E-06  0.42133388E-06
  0.48400000E+01 -0.32156474E-06  0.41682525E-06
  0.48500000E+01 -0.32146431E-06  0.41239829E-06
  0.48600000E+01 -0.32136824E-06  0.40805091E-06
  0.48700000E+01 -0.32127664E-06  0.40378114E-06
  0.48800000E+01 -0.32118960E-06  0.39958713E-06
  0.48900000E+01 -0.32110722E-06  0.39546712E-06
  0.49000000E+01 -0.32102960E-06  0.39141943E-06
  0.49100000E+01 -0.32095682E-06  0.38744247E-06
  0.49200000E+01 -0.32088897E-06  0.38353473E-06
  0.49300000E+01 -0.32082614E-06  0.37969478E-06
  0.49400000E+01 -0.32076843E-06  0.37592125E-06
  0.49500000E+01 -0.32071591E-06  0.37221281E-06
  0.49600000E+01 -0.32066867E-06  0.36856821E-06
  0.49700000E+01 -0.32062681E-06  0.36498624E-06
  0.49800000E+01 -0.32059039E-06  0.36146572E-06
  0.49900000E+01 -0.32055951E-06  0.35800555E-06
  0.50000000E+01 -0.32053425E-06  0.35460462E-06
  0.50100000E+01 -0.32051469E-06  0.35126189E-06
  0.50200000E+01 -0.32050092E-06  0.34797632E-06
  0.50300000E+01 -0.32049301E-06  0.34474692E-06
  0.50400000E+01 -0.32049106E-06  0.34157271E-06
  0.50500000E+01 -0.32049514E-06  0.33845275E-06
  0.50600000E+01 -0.32050534E-06  0.33538610E-06
  0.50700000E+01 -0.32052173E-06  0.33237186E-06
  0.50800000E+01 -0.32054441E-06  0.32940913E-06
  0.50900000E+01 -0.32057346E-06  0.32649705E-06
  0.51000000E+01 -0.32060895E-06  0.32363475E-06
  0.51100000E+01 -0.32065097E-06  0.32082138E-06
  0.51200000E+01 -0.32069960E-06  0.31805612E-06
  0.51300000E+01 -0.32075492E-06  0.31533816E-06
  0.51400000E+01 -0.32081702E-06  0.31266668E-06
  0.51500000E+01 -0.32088598E-06  0.31004091E-06
  0.51600000E+01 -0.32096187E-06  0.30746005E-06
  0.51700000E+01 -0.32104478E-06  0.30492336E-06
  0.51800000E+01 -0.32113480E-06  0.30243006E-06
  0.51900000E+01 -0.32123199E-06  0.29997943E-06
  0.52000000E+01 -0.32133645E-06  0.29757072E-06
  0.52100000E+01 -0.32144825E-06  0.29520322E-06
  0.52200000E+01 -0.32156746E-06  0.29287621E-06
  0.52300000E+01 -0.32169418E-06  0.29058900E-06
  0.52400000E+01 -0.32182848E-06  0.28834090E-06
  0.52500000E+01 -0.32197043E-06  0.28613123E-06
  0.52600000E+01 -0.32212011E-06  0.28395932E-06
  0.52700000E+01 -0.32227760E-06  0.28182451E-06
  0.52800000E+01 -0.32244299E-06  0.27972615E-06
  0.52900000E+01 -0.32261633E-06  0.27766360E-06
  0.53000000E+01 -0.32279771E-06  0.27563623E-06
  0.53100000E+01 -0.32298721E-06  0.27364341E-06
  0.53200000E+01 -0.32318490E-06  0.27168453E-06
  0.53300000E+01 -0.32339085E-06  0.26975899E-06
  0.53400000E+01 -0.32360514E-06  0.26786618E-06
  0.53500000E+01 -0.32382785E-06  0.26600552E-06
  0.53600000E+01 -0.32405903E-06  0.26417642E-06
  0.53700000E+01 -0.32429878E-06  0.26237830E-06
  0.53800000E+01 -0.32454715E-06  0.26061060E-06
  0.53900000E+01 -0.32480423E-06  0.25887276E-06
  0.54000000E+01 -0.32507008E-06  0.25716420E-06
  0.54100000E+01 -0.32534477E-06  0.25548440E-06
  0.54200000E+01 -0.32562839E-06  0.25383280E-06
  0.54300000E+01 -0.32592099E-06  0.25220886E-06
  0.54400000E+01 -0.32622265E-06  0.25061204E-06
  0.54500000E+01 -0.32653344E-06  0.24904183E-06
  0.54600000E+01 -0.32685344E-06  0.24749769E-06
  0.54700000E+01 -0.32718270E-06  0.24597911E-06
  0.54800000E+01 -0.32752131E-06  0.24448557E-06
  0.54900000E+01 -0.32786933E-06  0.24301656E-06
  0.55000000E+01 -0.32822684E-06  0.24157158E-06
  0.55100000E+01 -0.32859390E-06  0.24015011E-06
  0.55200000E+01 -0.32897058E-06  0.23875167E-06
  0.55300000E+01 -0.32935696E-06  0.23737576E-06
  0.55400000E+01 -0.32975310E-06  0.23602188E-06
  0.55500000E+01 -0.33015908E-06  0.23468954E-06
  0.55600000E+01 -0.33057496E-06  0.23337827E-06
  0.55700000E+01 -0.33100082E-06  0.23208757E-06
  0.55800000E+01 -0.33143673E-06  0.23081697E-06
  0.55900000E+01 -0.33188276E-06  0.22956600E-06
  0.56000000E+01 -0.33233897E-06  0.22833417E-06
  0.56100000E+01 -0.33280545E-06  0.22712102E-06
  0.56200000E+01 -0.33328226E-06  0.22592608E-06
  0.56300000E+01 -0.33376947E-06  0.22474888E-06
  0.56400000E+01 -0.33426715E-06  0.22358896E-06
  0.56500000E+01 -0.33477538E-06  0.22244586E-06
  0.56600000E+01 -0.33529422E-06  0.22131913E-06
  0.56700000E+01 -0.33582376E-06  0.22020830E-06
  0.56800000E+01 -0.33636405E-06  0.21911293E-06
  0.56900000E+01 -0.33691517E-06  0.21803256E-06
  0.57000000E+01 -0.33747720E-06  0.21696675E-06
  0.57100000E+01 -0.33805020E-06  0.21591505E-06
  0.57200000E+01 -0.33863425E-06  0.21487703E-06
  0.57300000E+01 -0.33922942E-06  0.21385224E-06
  0.57400000E+01 -0.33983578E-06  0.21284024E-06
  0.57500000E+01 -0.34045340E-06  0.21184061E-06
  0.57600000E+01 -0.34108236E-06  0.21085290E-06
  0.57700000E+01 -0.34172272E-06  0.20987670E-06
  0.57800000E+01 -0.34237457E-06  0.20891158E-06
  0.57900000E+01 -0.34303796E-06  0.20795711E-06
  0.58000000E+01 -0.34371298E-06  0.20701288E-06
  0.58100000E+01 -0.34439970E-06  0.20607846E-06
  0.58200000E+01 -0.34509819E-06  0.20515346E-06
  0.58300000E+01 -0.34580853E-06  0.20423744E-06
  0.58400000E+01 -0.34653078E-06  0.20333002E-06
  0.58500000E+01 -0.34726502E-06  0.20243079E-06
  0.58600000E+01 -0.34801132E-06  0.20153934E-06
  0.58700000E+01 -0.34876977E-06  0.20065527E-06
  0.58800000E+01 -0.34954042E-06  0.19977821E-06
  0.58900000E+01 -0.35032336E-06  0.19890775E-06
  0.59000000E+01 -0.35111867E-06  0.19804352E-06
  0.59100000E+01 -0.35192641E-06  0.19718512E-06
  0.59200000E+01 -0.35274666E-06  0.19633219E-06
  0.59300000E+01 -0.35357950E-06  0.19548434E-06
  0.59400000E+01 -0.35442501E-06  0.19464122E-06
  0.59500000E+01 -0.35528326E-06  0.19380244E-06
  0.59600000E+01 -0.35615434E-06  0.19296766E-06
  0.59700000E+01 -0.35703831E-06  0.19213652E-06
  0.59800000E+01 -0.35793527E-06  0.19130866E-06
  0.59900000E+01 -0.35884528E-06  0.19048374E-06
  0.60000000E+01 -0.35976844E-06  0.18966141E-06
  0.60100000E+01 -0.36070482E-06  0.18884134E-06
  0.60200000E+01 -0.36165452E-06  0.18802319E-06
  0.60300000E+01 -0.36261760E-06  0.18720664E-06
  0.60400000E+01 -0.36359416E-06  0.18639136E-06
  0.60500000E+01 -0.36458429E-06  0.18557704E-06
  0.60600000E+01 -0.36558807E-06  0.18476336E-06
  0.60700000E+01 -0.36660559E-06  0.18395001E-06
  0.60800000E+01 -0.36763694E-06  0.18313670E-06
  0.60900000E+01 -0.36868222E-06  0.18232314E-06
  0.61000000E+01 -0.36974151E-06  0.18150902E-06
  0.61100000E+01 -0.37081492E-06  0.18069408E-06
  0.61200000E+01 -0.37190253E-06  0.17987802E-06
  0.61300000E+01 -0.37300445E-06  0.17906059E-06
  0.61400000E+01 -0.37412078E-06  0.17824151E-06
  0.61500000E+01 -0.37525161E-06  0.17742052E-06
  0.61600000E+01 -0.37639705E-06  0.17659738E-06
  0.61700000E+01 -0.37755721E-06  0.17577184E-06
  0.61800000E+01 -0.37873218E-06  0.17494365E-06
  0.61900000E+01 -0.37992209E-06  0.17411260E-06
  0.62000000E+01 -0.38112703E-06  0.17327844E-06
  0.62100000E+01 -0.38234712E-06  0.17244097E-06
  0.62200000E+01 -0.38358248E-06  0.17159998E-06
  0.62300000E+01 -0.38483321E-06  0.17075525E-06
  0.62400000E+01 -0.38609945E-06  0.16990659E-06
  0.62500000E+01 -0.38738130E-06  0.16905381E-06
  0.62600000E+01 -0.38867888E-06  0.16819674E-06
  0.62700000E+01 -0.38999233E-06  0.16733518E-06
  0.62800000E+01 -0.39132176E-06  0.16646899E-06
  0.62900000E+01 -0.39266731E-06  0.16559799E-06
  0.63000000E+01 -0.39402909E-06  0.16472204E-06
  0.63100000E+01 -0.39540725E-06  0.16384099E-06
  0.63200000E+01 -0.39680192E-06  0.16295470E-06
  0.63300000E+01 -0.39821323E-06  0.16206305E-06
  0.63400000E+01 -0.39964132E-06  0.16116592E-06
  0.63500000E+01 -0.40108632E-06  0.16026318E-06
  0.63600000E+01 -0.40254838E-06  0.15935475E-06
  0.63700000E+01 -0.40402764E-06  0.15844051E-06
  0.63800000E+01 -0.40552424E-06  0.15752039E-06
  0.63900000E+01 -0.40703834E-06  0.15659430E-06
  0.64000000E+01 -0.40857007E-06  0.15566216E-06
  0.64100000E+01 -0.41011959E-06  0.15472392E-06
  0.64200000E+01 -0.41168705E-06  0.15377951E-06
  0.64300000E+01 -0.41327260E-06  0.15282889E-06
  0.64400000E+01 -0.41487641E-06  0.15187202E-06
  0.64500000E+01 -0.41649861E-06  0.15090886E-06
  0.64600000E+01 -0.41813938E-06  0.14993939E-06
  0.64700000E+01 -0.41979888E-06  0.14896360E-06
  0.64800000E+01 -0.42147725E-06  0.14798147E-06
  0.64900000E+01 -0.42317468E-06  0.14699301E-06
  0.65000000E+01 -0.42489133E-06  0.14599821E-06
  0.65100000E+01 -0.42662735E-06  0.14499710E-06
  0.65200000E+01 -0.42838293E-06  0.14398971E-06
  0.65300000E+01 -0.43015823E-06  0.14297605E-06
  0.65400000E+01 -0.43195342E-06  0.14195617E-06
  0.65500000E+01 -0.43376868E-06  0.14093012E-06
  0.65600000E+01 -0.43560419E-06  0.13989794E-06
  0.65700000E+01 -0.43746012E-06  0.13885971E-06
  0.65800000E+01 -0.43933664E-06  0.13781548E-06
  0.65900000E+01 -0.44123396E-06  0.13676534E-06
  0.66000000E+01 -0.44315223E-06  0.13570935E-06
  0.66100000E+01 -0.44509167E-06  0.13464763E-06
  0.66200000E+01 -0.44705244E-06  0.13358026E-06
  0.66300000E+01 -0.44903474E-06  0.13250733E-06
  0.66400000E+01 -0.45103876E-06  0.13142898E-06
  0.66500000E+01 -0.45306470E-06  0.13034530E-06
  0.66600000E+01 -0.45511276E-06  0.12925643E-06
  0.66700000E+01 -0.45718313E-06  0.12816249E-06
  0.66800000E+01 -0.45927602E-06  0.12706361E-06
  0.66900000E+01 -0.46139163E-06  0.12595994E-06
  0.67000000E+01 -0.46353017E-06  0.12485162E-06
  0.67100000E+01 -0.46569185E-06  0.12373881E-06
  0.67200000E+01 -0.46787689E-06  0.12262165E-06
  0.67300000E+01 -0.47008550E-06  0.12150032E-06
  0.67400000E+01 -0.47231791E-06  0.12037497E-06
  0.67500000E+01 -0.47457434E-06  0.11924579E-06
  0.67600000E+01 -0.47685502E-06  0.11811293E-06
  0.67700000E+01 -0.47916018E-06  0.11697660E-06
  0.67800000E+01 -0.48149007E-06  0.11583696E-06
  0.67900000E+01 -0.48384492E-06  0.11469420E-06
  0.68000000E+01 -0.48622498E-06  0.11354851E-06
  0.68100000E+01 -0.48863049E-06  0.11240010E-06
  0.68200000E+01 -0.49106173E-06  0.11124915E-06
  0.68300000E+01 -0.49351894E-06  0.11009585E-06
  0.68400000E+01 -0.49600240E-06  0.10894042E-06
  0.68500000E+01 -0.49851238E-06  0.10778306E-06
  0.68600000E+01 -0.50104915E-06  0.10662396E-06
  0.68700000E+01 -0.50361299E-06  0.10546333E-06
  0.68800000E+01 -0.50620421E-06  0.10430139E-06
  0.68900000E+01 -0.50882309E-06  0.10313832E-06
  0.69000000E+01 -0.51146994E-06  0.10197435E-06
  0.69100000E+01 -0.51414507E-06  0.10080967E-06
  0.69200000E+01 -0.51684879E-06  0.99644499E-07
  0.69300000E+01 -0.51958143E-06  0.98479029E-07
  0.69400000E+01 -0.52234331E-06  0.97313466E-07
  0.69500000E+01 -0.52513479E-06  0.96148012E-07
  0.69600000E+01 -0.52795620E-06  0.94982865E-07
  0.69700000E+01 -0.53080790E-06  0.93818220E-07
  0.69800000E+01 -0.53369024E-06  0.92654270E-07
  0.69900000E+01 -0.53660362E-06  0.91491204E-07
  0.70000000E+01 -0.53954839E-06  0.90329207E-07
