  0.50000000E-01 -0.57209527E-08  0.28430732E-07
  0.60000000E-01 -0.58222781E-08  0.34116972E-07
  0.70000000E-01 -0.59268273E-08  0.39803263E-07
  0.80000000E-01 -0.60345763E-08  0.45489614E-07
  0.90000000E-01 -0.61454990E-08  0.51176033E-07
  0.10000000E+00 -0.62595683E-08  0.56862530E-07
  0.11000000E+00 -0.63767554E-08  0.62549113E-07
  0.12000000E+00 -0.64970298E-08  0.68235792E-07
  0.13000000E+00 -0.66203598E-08  0.73922575E-07
  0.14000000E+00 -0.67467118E-08  0.79609471E-07
  0.15000000E+00 -0.68760509E-08  0.85296491E-07
  0.16000000E+00 -0.70083405E-08  0.90983643E-07
  0.17000000E+00 -0.71435423E-08  0.96670937E-07
  0.18000000E+00 -0.72816164E-08  0.10235838E-06
  0.19000000E+00 -0.74225214E-08  0.10804599E-06
  0.20000000E+00 -0.75662141E-08  0.11373377E-06
  0.21000000E+00 -0.77126496E-08  0.11942173E-06
  0.22000000E+00 -0.78617815E-08  0.12510988E-06
  0.23000000E+00 -0.80135614E-08  0.13079824E-06
  0.24000000E+00 -0.81679395E-08  0.13648681E-06
  0.25000000E+00 -0.83248639E-08  0.14217560E-06
  0.26000000E+00 -0.84842813E-08  0.14786463E-06
  0.27000000E+00 -0.86461364E-08  0.15355390E-06
  0.28000000E+00 -0.88103721E-08  0.15924344E-06
  0.29000000E+00 -0.89769297E-08  0.16493324E-06
  0.30000000E+00 -0.91457485E-08  0.17062332E-06
  0.31000000E+00 -0.93167661E-08  0.17631369E-06
  0.32000000E+00 -0.94899182E-08  0.18200437E-06
  0.33000000E+00 -0.96651385E-08  0.18769536E-06
  0.34000000E+00 -0.98423592E-08  0.19338668E-06
  0.35000000E+00 -0.10021510E-07  0.19907835E-06
  0.36000000E+00 -0.10202520E-07  0.20477037E-06
  0.37000000E+00 -0.10385315E-07  0.21046275E-06
  0.38000000E+00 -0.10569819E-07  0.21615552E-06
  0.39000000E+00 -0.10755956E-07  0.22184868E-06
  0.40000000E+00 -0.10943645E-07  0.22754225E-06
  0.41000000E+00 -0.11132806E-07  0.23323623E-06
  0.42000000E+00 -0.11323354E-07  0.23893065E-06
  0.43000000E+00 -0.11515206E-07  0.24462553E-06
  0.44000000E+00 -0.11708274E-07  0.25032086E-06
  0.45000000E+00 -0.11902469E-07  0.25601667E-06
  0.46000000E+00 -0.12097700E-07  0.26171298E-06
  0.47000000E+00 -0.12293874E-07  0.26740979E-06
  0.48000000E+00 -0.12490897E-07  0.27310713E-06
  0.49000000E+00 -0.12688670E-07  0.27880501E-06
  0.50000000E+00 -0.12887097E-07  0.28450344E-06
  0.51000000E+00 -0.13086075E-07  0.29020245E-06
  0.52000000E+00 -0.13285503E-07  0.29590205E-06
  0.53000000E+00 -0.13485275E-07  0.30160225E-06
  0.54000000E+00 -0.13685285E-07  0.30730308E-06
  0.55000000E+00 -0.13885424E-07  0.31300455E-06
  0.56000000E+00 -0.14085582E-07  0.31870668E-06
  0.57000000E+00 -0.14285647E-07  0.32440949E-06
  0.58000000E+00 -0.14485503E-07  0.33011300E-06
  0.59000000E+00 -0.14685034E-07  0.33581724E-06
  0.60000000E+00 -0.14884122E-07  0.34152221E-06
  0.61000000E+00 -0.15082647E-07  0.34722794E-06
  0.62000000E+00 -0.15280485E-07  0.35293446E-06
  0.63000000E+00 -0.15477513E-07  0.35864179E-06
  0.64000000E+00 -0.15673604E-07  0.36434994E-06
  0.65000000E+00 -0.15868629E-07  0.37005895E-06
  0.66000000E+00 -0.16062460E-07  0.37576883E-06
  0.67000000E+00 -0.16254962E-07  0.38147962E-06
  0.68000000E+00 -0.16446002E-07  0.38719133E-06
  0.69000000E+00 -0.16635443E-07  0.39290400E-06
  0.70000000E+00 -0.16823147E-07  0.39861766E-06
  0.71000000E+00 -0.17008974E-07  0.40433233E-06
  0.72000000E+00 -0.17192781E-07  0.41004803E-06
  0.73000000E+00 -0.17374425E-07  0.41576481E-06
  0.74000000E+00 -0.17553757E-07  0.42148269E-06
  0.75000000E+00 -0.17730631E-07  0.42720170E-06
  0.76000000E+00 -0.17904895E-07  0.43292188E-06
  0.77000000E+00 -0.18076397E-07  0.43864326E-06
  0.78000000E+00 -0.18244982E-07  0.44436588E-06
  0.79000000E+00 -0.18410494E-07  0.45008976E-06
  0.80000000E+00 -0.18572773E-07  0.45581496E-06
  0.81000000E+00 -0.18731660E-07  0.46154149E-06
  0.82000000E+00 -0.18886990E-07  0.46726941E-06
  0.83000000E+00 -0.19038600E-07  0.47299875E-06
  0.84000000E+00 -0.19186321E-07  0.47872955E-06
  0.85000000E+00 -0.19329985E-07  0.48446186E-06
  0.86000000E+00 -0.19469419E-07  0.49019571E-06
  0.87000000E+00 -0.19604451E-07  0.49593115E-06
  0.88000000E+00 -0.19734904E-07  0.50166823E-06
  0.89000000E+00 -0.19860602E-07  0.50740698E-06
  0.90000000E+00 -0.19981362E-07  0.51314745E-06
  0.91000000E+00 -0.20097003E-07  0.51888970E-06
  0.92000000E+00 -0.20207341E-07  0.52463376E-06
  0.93000000E+00 -0.20312189E-07  0.53037969E-06
  0.94000000E+00 -0.20411357E-07  0.53612754E-06
  0.95000000E+00 -0.20504654E-07  0.54187736E-06
  0.96000000E+00 -0.20591886E-07  0.54762920E-06
  0.97000000E+00 -0.20672858E-07  0.55338311E-06
  0.98000000E+00 -0.20747371E-07  0.55913914E-06
  0.99000000E+00 -0.20815225E-07  0.56489736E-06
  0.10000000E+01 -0.20876217E-07  0.57065781E-06
  0.10100000E+01 -0.20930141E-07  0.57642055E-06
  0.10200000E+01 -0.20976790E-07  0.58218564E-06
  0.10300000E+01 -0.21015953E-07  0.58795314E-06
  0.10400000E+01 -0.21047419E-07  0.59372311E-06
  0.10500000E+01 -0.21070972E-07  0.59949560E-06
  0.10600000E+01 -0.21086396E-07  0.60527068E-06
  0.10700000E+01 -0.21093469E-07  0.61104842E-06
  0.10800000E+01 -0.21091971E-07  0.61682887E-06
  0.10900000E+01 -0.21081676E-07  0.62261211E-06
  0.11000000E+01 -0.21062358E-07  0.62839819E-06
  0.11100000E+01 -0.21033786E-07  0.63418718E-06
  0.11200000E+01 -0.20995730E-07  0.63997916E-06
  0.11300000E+01 -0.20947953E-07  0.64577419E-06
  0.11400000E+01 -0.20890219E-07  0.65157235E-06
  0.11500000E+01 -0.20822289E-07  0.65737370E-06
  0.11600000E+01 -0.20743921E-07  0.66317833E-06
  0.11700000E+01 -0.20654869E-07  0.66898630E-06
  0.11800000E+01 -0.20554889E-07  0.67479770E-06
  0.11900000E+01 -0.20443729E-07  0.68061261E-06
  0.12000000E+01 -0.20321139E-07  0.68643109E-06
  0.12100000E+01 -0.20186865E-07  0.69225324E-06
  0.12200000E+01 -0.20040650E-07  0.69807915E-06
  0.12300000E+01 -0.19882237E-07  0.70390888E-06
  0.12400000E+01 -0.19711364E-07  0.70974254E-06
  0.12500000E+01 -0.19527769E-07  0.71558021E-06
  0.12600000E+01 -0.19331187E-07  0.72142199E-06
  0.12700000E+01 -0.19121352E-07  0.72726796E-06
  0.12800000E+01 -0.18897994E-07  0.73311821E-06
  0.12900000E+01 -0.18660845E-07  0.73897285E-06
  0.13000000E+01 -0.18409633E-07  0.74483198E-06
  0.13100000E+01 -0.18144083E-07  0.75069569E-06
  0.13200000E+01 -0.17863922E-07  0.75656408E-06
  0.13300000E+01 -0.17568875E-07  0.76243727E-06
  0.13400000E+01 -0.17258665E-07  0.76831534E-06
  0.13500000E+01 -0.16933014E-07  0.77419842E-06
  0.13600000E+01 -0.16591646E-07  0.78008662E-06
  0.13700000E+01 -0.16234281E-07  0.78598003E-06
  0.13800000E+01 -0.15860643E-07  0.79187878E-06
  0.13900000E+01 -0.15470453E-07  0.79778299E-06
  0.14000000E+01 -0.15063434E-07  0.80369276E-06
  0.14100000E+01 -0.14639310E-07  0.80960821E-06
  0.14200000E+01 -0.14197805E-07  0.81552948E-06
  0.14300000E+01 -0.13738645E-07  0.82145667E-06
  0.14400000E+01 -0.13261558E-07  0.82738992E-06
  0.14500000E+01 -0.12766273E-07  0.83332935E-06
  0.14600000E+01 -0.12252523E-07  0.83927509E-06
  0.14700000E+01 -0.11720042E-07  0.84522726E-06
  0.14800000E+01 -0.11168570E-07  0.85118601E-06
  0.14900000E+01 -0.10597846E-07  0.85715145E-06
  0.15000000E+01 -0.10007618E-07  0.86312374E-06
  0.15100000E+01 -0.93976350E-08  0.86910299E-06
  0.15200000E+01 -0.87676516E-08  0.87508936E-06
  0.15300000E+01 -0.81174280E-08  0.88108298E-06
  0.15400000E+01 -0.74467295E-08  0.88708399E-06
  0.15500000E+01 -0.67553276E-08  0.89309255E-06
  0.15600000E+01 -0.60430002E-08  0.89910878E-06
  0.15700000E+01 -0.53095320E-08  0.90513285E-06
  0.15800000E+01 -0.45547149E-08  0.91116490E-06
  0.15900000E+01 -0.37783484E-08  0.91720508E-06
  0.16000000E+01 -0.29802401E-08  0.92325354E-06
  0.16100000E+01 -0.21602060E-08  0.92931045E-06
  0.16200000E+01 -0.13180711E-08  0.93537595E-06
  0.16300000E+01 -0.45366944E-09  0.94145021E-06
  0.16400000E+01  0.43315527E-09  0.94753339E-06
  0.16500000E+01  0.13425493E-08  0.95362565E-06
  0.16600000E+01  0.22746485E-08  0.95972716E-06
  0.16700000E+01  0.32295782E-08  0.96583809E-06
  0.16800000E+01  0.42074522E-08  0.97195860E-06
  0.16900000E+01  0.52083732E-08  0.97808888E-06
  0.17000000E+01  0.62324318E-08  0.98422908E-06
  0.17100000E+01  0.72797063E-08  0.99037940E-06
  0.17200000E+01  0.83502626E-08  0.99654002E-06
  0.17300000E+01  0.94441533E-08  0.10027111E-05
  0.17400000E+01  0.10561418E-07  0.10088929E-05
  0.17500000E+01  0.11702081E-07  0.10150855E-05
  0.17600000E+01  0.12866153E-07  0.10212891E-05
  0.17700000E+01  0.14053632E-07  0.10275040E-05
  0.17800000E+01  0.15264496E-07  0.10337303E-05
  0.17900000E+01  0.16498712E-07  0.10399682E-05
  0.18000000E+01  0.17756225E-07  0.10462179E-05
  0.18100000E+01  0.19036968E-07  0.10524797E-05
  0.18200000E+01  0.20340852E-07  0.10587537E-05
  0.18300000E+01  0.21667770E-07  0.10650402E-05
  0.18400000E+01  0.23017598E-07  0.10713393E-05
  0.18500000E+01  0.24390186E-07  0.10776513E-05
  0.18600000E+01  0.25785368E-07  0.10839764E-05
  0.18700000E+01  0.27202950E-07  0.10903147E-05
  0.18800000E+01  0.28642717E-07  0.10966666E-05
  0.18900000E+01  0.30104428E-07  0.11030323E-05
  0.19000000E+01  0.31587815E-07  0.11094119E-05
  0.19100000E+01  0.33092580E-07  0.11158057E-05
  0.19200000E+01  0.34618397E-07  0.11222139E-05
  0.19300000E+01  0.36164908E-07  0.11286367E-05
  0.19400000E+01  0.37731721E-07  0.11350745E-05
  0.19500000E+01  0.39318408E-07  0.11415273E-05
  0.19600000E+01  0.40924505E-07  0.11479955E-05
  0.19700000E+01  0.42549507E-07  0.11544792E-05
  0.19800000E+01  0.44192869E-07  0.11609787E-05
  0.19900000E+01  0.45854001E-07  0.11674942E-05
  0.20000000E+01  0.47532267E-07  0.11740260E-05
  0.20100000E+01  0.49226983E-07  0.11805743E-05
  0.20200000E+01  0.50937416E-07  0.11871393E-05
  0.20300000E+01  0.52662776E-07  0.11937212E-05
  0.20400000E+01  0.54402223E-07  0.12003203E-05
  0.20500000E+01  0.56154856E-07  0.12069368E-05
  0.20600000E+01  0.57919716E-07  0.12135709E-05
  0.20700000E+01  0.59695781E-07  0.12202229E-05
  0.20800000E+01  0.61481969E-07  0.12268930E-05
  0.20900000E+01  0.63277129E-07  0.12335814E-05
  0.21000000E+01  0.65080045E-07  0.12402884E-05
  0.21100000E+01  0.66889433E-07  0.12470142E-05
  0.21200000E+01  0.68703938E-07  0.12537589E-05
  0.21300000E+01  0.70522135E-07  0.12605229E-05
  0.21400000E+01  0.72342530E-07  0.12673064E-05
  0.21500000E+01  0.74163554E-07  0.12741095E-05
  0.21600000E+01  0.75983569E-07  0.12809326E-05
  0.21700000E+01  0.77800864E-07  0.12877758E-05
  0.21800000E+01  0.79613658E-07  0.12946395E-05
  0.21900000E+01  0.81420098E-07  0.13015238E-05
  0.22000000E+01  0.83218265E-07  0.13084289E-05
  0.22100000E+01  0.85006170E-07  0.13153552E-05
  0.22200000E+01  0.86781761E-07  0.13223028E-05
  0.22300000E+01  0.88542920E-07  0.13292719E-05
  0.22400000E+01  0.90287471E-07  0.13362629E-05
  0.22500000E+01  0.92013179E-07  0.13432760E-05
  0.22600000E+01  0.93717753E-07  0.13503113E-05
  0.22700000E+01  0.95398852E-07  0.13573692E-05
  0.22800000E+01  0.97054086E-07  0.13644499E-05
  0.22900000E+01  0.98681019E-07  0.13715535E-05
  0.23000000E+01  0.10027717E-06  0.13786804E-05
  0.23100000E+01  0.10184004E-06  0.13858308E-05
  0.23200000E+01  0.10336706E-06  0.13930049E-05
  0.23300000E+01  0.10485566E-06  0.14002029E-05
  0.23400000E+01  0.10630322E-06  0.14074250E-05
  0.23500000E+01  0.10770711E-06  0.14146715E-05
  0.23600000E+01  0.10906466E-06  0.14219425E-05
  0.23700000E+01  0.11037319E-06  0.14292383E-05
  0.23800000E+01  0.11162998E-06  0.14365589E-05
  0.23900000E+01  0.11283229E-06  0.14439047E-05
  0.24000000E+01  0.11397736E-06  0.14512757E-05
  0.24100000E+01  0.11506240E-06  0.14586722E-05
  0.24200000E+01  0.11608459E-06  0.14660942E-05
  0.24300000E+01  0.11704107E-06  0.14735419E-05
  0.24400000E+01  0.11792891E-06  0.14810153E-05
  0.24500000E+01  0.11874518E-06  0.14885147E-05
  0.24600000E+01  0.11948686E-06  0.14960401E-05
  0.24700000E+01  0.12015084E-06  0.15035916E-05
  0.24800000E+01  0.12073396E-06  0.15111691E-05
  0.24900000E+01  0.12123295E-06  0.15187729E-05
  0.25000000E+01  0.12164442E-06  0.15264029E-05
  0.25100000E+01  0.12196486E-06  0.15340591E-05
  0.25200000E+01  0.12219060E-06  0.15417416E-05
  0.25300000E+01  0.12231782E-06  0.15494503E-05
  0.25400000E+01  0.12234250E-06  0.15571852E-05
  0.25500000E+01  0.12226040E-06  0.15649464E-05
  0.25600000E+01  0.12206707E-06  0.15727336E-05
  0.25700000E+01  0.12175779E-06  0.15805470E-05
  0.25800000E+01  0.12132756E-06  0.15883864E-05
  0.25900000E+01  0.12077108E-06  0.15962517E-05
  0.26000000E+01  0.12008272E-06  0.16041428E-05
  0.26100000E+01  0.11925652E-06  0.16120595E-05
  0.26200000E+01  0.11828613E-06  0.16200018E-05
  0.26300000E+01  0.11716481E-06  0.16279695E-05
  0.26400000E+01  0.11588543E-06  0.16359624E-05
  0.26500000E+01  0.11444043E-06  0.16439802E-05
  0.26600000E+01  0.11282181E-06  0.16520227E-05
  0.26700000E+01  0.11102113E-06  0.16600897E-05
  0.26800000E+01  0.10902951E-06  0.16681808E-05
  0.26900000E+01  0.10683763E-06  0.16762957E-05
  0.27000000E+01  0.10443572E-06  0.16844341E-05
  0.27100000E+01  0.10181360E-06  0.16925956E-05
  0.27200000E+01  0.98960658E-07  0.17007796E-05
  0.27300000E+01  0.95865937E-07  0.17089859E-05
  0.27400000E+01  0.92518120E-07  0.17172137E-05
  0.27500000E+01  0.88905597E-07  0.17254626E-05
  0.27600000E+01  0.85016509E-07  0.17337319E-05
  0.27700000E+01  0.80838818E-07  0.17420211E-05
  0.27800000E+01  0.76360374E-07  0.17503294E-05
  0.27900000E+01  0.71568998E-07  0.17586560E-05
  0.28000000E+01  0.66452576E-07  0.17670003E-05
  0.28100000E+01  0.60999158E-07  0.17753614E-05
  0.28200000E+01  0.55197072E-07  0.17837384E-05
  0.28300000E+01  0.49035040E-07  0.17921305E-05
  0.28400000E+01  0.42502312E-07  0.18005366E-05
  0.28500000E+01  0.35588794E-07  0.18089557E-05
  0.28600000E+01  0.28285191E-07  0.18173869E-05
  0.28700000E+01  0.20583150E-07  0.18258291E-05
  0.28800000E+01  0.12475402E-07  0.18342810E-05
  0.28900000E+01  0.39559052E-08  0.18427416E-05
  0.29000000E+01 -0.49800169E-08  0.18512095E-05
  0.29100000E+01 -0.14335547E-07  0.18596836E-05
  0.29200000E+01 -0.24112256E-07  0.18681623E-05
  0.29300000E+01 -0.34310001E-07  0.18766445E-05
  0.29400000E+01 -0.44926844E-07  0.18851285E-05
  0.29500000E+01 -0.55958995E-07  0.18936129E-05
  0.29600000E+01 -0.67400785E-07  0.19020960E-05
  0.29700000E+01 -0.79244669E-07  0.19105762E-05
  0.29800000E+01 -0.91481276E-07  0.19190517E-05
  0.29900000E+01 -0.10409949E-06  0.19275207E-05
  0.30000000E+01 -0.11708660E-06  0.19359811E-05
  0.30100000E+01 -0.13042843E-06  0.19444311E-05
  0.30200000E+01 -0.14410966E-06  0.19528684E-05
  0.30300000E+01 -0.15811403E-06  0.19612909E-05
  0.30400000E+01 -0.17242471E-06  0.19696962E-05
  0.30500000E+01 -0.18702468E-06  0.19780818E-05
  0.30600000E+01 -0.20189717E-06  0.19864452E-05
  0.30700000E+01 -0.21702612E-06  0.19947838E-05
  0.30800000E+01 -0.23239673E-06  0.20030948E-05
  0.30900000E+01 -0.24799591E-06  0.20113753E-05
  0.31000000E+01 -0.26381291E-06  0.20196225E-05
  0.31100000E+01 -0.27983984E-06  0.20278333E-05
  0.31200000E+01 -0.29607219E-06  0.20360045E-05
  0.31300000E+01 -0.31250939E-06  0.20441332E-05
  0.31400000E+01 -0.32915519E-06  0.20522160E-05
  0.31500000E+01 -0.34601816E-06  0.20602497E-05
  0.31600000E+01 -0.36311194E-06  0.20682311E-05
  0.31700000E+01 -0.38045549E-06  0.20761568E-05
  0.31800000E+01 -0.39807318E-06  0.20840237E-05
  0.31900000E+01 -0.41599477E-06  0.20918284E-05
  0.32000000E+01 -0.43425525E-06  0.20995676E-05
  0.32100000E+01 -0.45289447E-06  0.21072380E-05
  0.32200000E+01 -0.47195665E-06  0.21148364E-05
  0.32300000E+01 -0.49148972E-06  0.21223595E-05
  0.32400000E+01 -0.51154446E-06  0.21298038E-05
  0.32500000E+01 -0.53217348E-06  0.21371659E-05
  0.32600000E+01 -0.55343005E-06  0.21444422E-05
  0.32700000E+01 -0.57536676E-06  0.21516291E-05
  0.32800000E+01 -0.59803406E-06  0.21587224E-05
  0.32900000E+01 -0.62147871E-06  0.21657181E-05
  0.33000000E+01 -0.64574210E-06  0.21726115E-05
  0.33100000E+01 -0.67085856E-06  0.21793979E-05
  0.33200000E+01 -0.69685361E-06  0.21860717E-05
  0.33300000E+01 -0.72374225E-06  0.21926274E-05
  0.33400000E+01 -0.75152730E-06  0.21990584E-05
  0.33500000E+01 -0.78019775E-06  0.22053580E-05
  0.33600000E+01 -0.80972734E-06  0.22115188E-05
  0.33700000E+01 -0.84007322E-06  0.22175326E-05
  0.33800000E+01 -0.87117483E-06  0.22233910E-05
  0.33900000E+01 -0.90295304E-06  0.22290845E-05
  0.34000000E+01 -0.93530953E-06  0.22346033E-05
  0.34100000E+01 -0.96812662E-06  0.22399369E-05
  0.34200000E+01 -0.10012674E-05  0.22450741E-05
  0.34300000E+01 -0.10345765E-05  0.22500032E-05
  0.34400000E+01 -0.10678812E-05  0.22547118E-05
  0.34500000E+01 -0.11009937E-05  0.22591871E-05
  0.34600000E+01 -0.11337133E-05  0.22634155E-05
  0.34700000E+01 -0.11658308E-05  0.22673833E-05
  0.34800000E+01 -0.11971325E-05  0.22710761E-05
  0.34900000E+01 -0.12274064E-05  0.22744794E-05
  0.35000000E+01 -0.12564484E-05  0.22775787E-05
  0.35100000E+01 -0.12840712E-05  0.22803596E-05
  0.35200000E+01 -0.13101121E-05  0.22828081E-05
  0.35300000E+01 -0.13344433E-05  0.22849114E-05
  0.35400000E+01 -0.13569814E-05  0.22866576E-05
  0.35500000E+01 -0.13776974E-05  0.22880366E-05
  0.35600000E+01 -0.13966254E-05  0.22890407E-05
  0.35700000E+01 -0.14138704E-05  0.22896647E-05
  0.35800000E+01 -0.14296129E-05  0.22899064E-05
  0.35900000E+01 -0.14441111E-05  0.22897668E-05
  0.36000000E+01 -0.14576978E-05  0.22892501E-05
  0.36100000E+01 -0.14707739E-05  0.22883637E-05
  0.36200000E+01 -0.14837954E-05  0.22871174E-05
  0.36300000E+01 -0.14972555E-05  0.22855227E-05
  0.36400000E+01 -0.15116611E-05  0.22835920E-05
  0.36500000E+01 -0.15275051E-05  0.22813368E-05
  0.36600000E+01 -0.15452350E-05  0.22787664E-05
  0.36700000E+01 -0.15652197E-05  0.22758862E-05
  0.36800000E+01 -0.15877169E-05  0.22726962E-05
  0.36900000E+01 -0.16128423E-05  0.22691891E-05
  0.37000000E+01 -0.16405446E-05  0.22653487E-05
  0.37100000E+01 -0.16705871E-05  0.22611490E-05
  0.37200000E+01 -0.17025383E-05  0.22565526E-05
  0.37300000E+01 -0.17357736E-05  0.22515096E-05
  0.37400000E+01 -0.17694877E-05  0.22459577E-05
  0.37500000E+01 -0.18027180E-05  0.22398211E-05
  0.37600000E+01 -0.18343768E-05  0.22330114E-05
  0.37700000E+01 -0.18632896E-05  0.22254287E-05
  0.37800000E+01 -0.18882345E-05  0.22169645E-05
  0.37900000E+01 -0.19079778E-05  0.22075064E-05
  0.38000000E+01 -0.19212993E-05  0.21969453E-05
  0.38100000E+01 -0.19270075E-05  0.21851865E-05
  0.38200000E+01 -0.19239520E-05  0.21721628E-05
  0.38300000E+01 -0.19110539E-05  0.21578510E-05
  0.38400000E+01 -0.18873944E-05  0.21422882E-05
  0.38500000E+01 -0.18524061E-05  0.21255863E-05
  0.38600000E+01 -0.18061997E-05  0.21079389E-05
  0.38700000E+01 -0.17500026E-05  0.20896177E-05
  0.38800000E+01 -0.16865957E-05  0.20709541E-05
  0.38900000E+01 -0.16205337E-05  0.20523068E-05
  0.39000000E+01 -0.15578827E-05  0.20340145E-05
  0.39100000E+01 -0.15052766E-05  0.20163399E-05
  0.39200000E+01 -0.14683164E-05  0.19994061E-05
  0.39300000E+01 -0.14496601E-05  0.19831264E-05
  0.39400000E+01 -0.14474441E-05  0.19671273E-05
  0.39500000E+01 -0.14547519E-05  0.19506690E-05
  0.39600000E+01 -0.14605935E-05  0.19325911E-05
  0.39700000E+01 -0.14523213E-05  0.19113670E-05
  0.39800000E+01 -0.14188073E-05  0.18854307E-05
  0.39900000E+01 -0.13533341E-05  0.18539494E-05
  0.40000000E+01 -0.12552169E-05  0.18179457E-05
  0.40100000E+01 -0.11296584E-05  0.17810854E-05
  0.40200000E+01 -0.98601658E-06  0.17495024E-05
  0.40300000E+01 -0.83521319E-06  0.17331005E-05
  0.40400000E+01 -0.68720727E-06  0.17924613E-05
  0.40500000E+01 -0.54926040E-06  0.15661286E-05
  0.40600000E+01 -0.42529595E-06  0.16187420E-05
  0.40700000E+01 -0.31622203E-06  0.16296153E-05
  0.40800000E+01 -0.22082585E-06  0.16368833E-05
  0.40900000E+01 -0.13680413E-06  0.16443009E-05
  0.41000000E+01 -0.61614370E-07  0.16524698E-05
  0.41100000E+01  0.69909621E-08  0.16614154E-05
  0.41200000E+01  0.70736278E-07  0.16710556E-05
  0.41300000E+01  0.13081068E-06  0.16813039E-05
  0.41400000E+01  0.18796711E-06  0.16920896E-05
  0.41500000E+01  0.24265230E-06  0.17033574E-05
  0.41600000E+01  0.29512203E-06  0.17150631E-05
  0.41700000E+01  0.34552520E-06  0.17271701E-05
  0.41800000E+01  0.39395725E-06  0.17396466E-05
  0.41900000E+01  0.44049063E-06  0.17524642E-05
  0.42000000E+01  0.48519033E-06  0.17655970E-05
  0.42100000E+01  0.52812095E-06  0.17790207E-05
  0.42200000E+01  0.56934936E-06  0.17927128E-05
  0.42300000E+01  0.60894518E-06  0.18066524E-05
  0.42400000E+01  0.64698040E-06  0.18208198E-05
  0.42500000E+01  0.68352852E-06  0.18351970E-05
  0.42600000E+01  0.71866362E-06  0.18497670E-05
  0.42700000E+01  0.75245947E-06  0.18645145E-05
  0.42800000E+01  0.78498863E-06  0.18794251E-05
  0.42900000E+01  0.81632175E-06  0.18944859E-05
  0.43000000E+01  0.84652689E-06  0.19096848E-05
  0.43100000E+01  0.87566905E-06  0.19250110E-05
  0.43200000E+01  0.90380982E-06  0.19404546E-05
  0.43300000E+01  0.93100706E-06  0.19560065E-05
  0.43400000E+01  0.95731483E-06  0.19716585E-05
  0.43500000E+01  0.98278330E-06  0.19874032E-05
  0.43600000E+01  0.10074588E-05  0.20032338E-05
  0.43700000E+01  0.10313841E-05  0.20191440E-05
  0.43800000E+01  0.10545981E-05  0.20351282E-05
  0.43900000E+01  0.10771367E-05  0.20511812E-05
  0.44000000E+01  0.10990325E-05  0.20672984E-05
  0.44100000E+01  0.11203153E-05  0.20834754E-05
  0.44200000E+01  0.11410122E-05  0.20997084E-05
  0.44300000E+01  0.11611482E-05  0.21159936E-05
  0.44400000E+01  0.11807458E-05  0.21323277E-05
  0.44500000E+01  0.11998261E-05  0.21487076E-05
  0.44600000E+01  0.12184082E-05  0.21651306E-05
  0.44700000E+01  0.12365098E-05  0.21815940E-05
  0.44800000E+01  0.12541476E-05  0.21980953E-05
  0.44900000E+01  0.12713368E-05  0.22146323E-05
  0.45000000E+01  0.12880919E-05  0.22312030E-05
  0.45100000E+01  0.13044265E-05  0.22478053E-05
  0.45200000E+01  0.13203535E-05  0.22644374E-05
  0.45300000E+01  0.13358850E-05  0.22810977E-05
  0.45400000E+01  0.13510327E-05  0.22977846E-05
  0.45500000E+01  0.13658078E-05  0.23144967E-05
  0.45600000E+01  0.13802210E-05  0.23312325E-05
  0.45700000E+01  0.13942825E-05  0.23479907E-05
  0.45800000E+01  0.14080024E-05  0.23647703E-05
  0.45900000E+01  0.14213902E-05  0.23815700E-05
  0.46000000E+01  0.14344553E-05  0.23983888E-05
  0.46100000E+01  0.14472066E-05  0.24152257E-05
  0.46200000E+01  0.14596531E-05  0.24320798E-05
  0.46300000E+01  0.14718031E-05  0.24489502E-05
  0.46400000E+01  0.14836650E-05  0.24658362E-05
  0.46500000E+01  0.14952467E-05  0.24827369E-05
  0.46600000E+01  0.15065562E-05  0.24996517E-05
  0.46700000E+01  0.15176009E-05  0.25165798E-05
  0.46800000E+01  0.15283884E-05  0.25335207E-05
  0.46900000E+01  0.15389257E-05  0.25504738E-05
  0.47000000E+01  0.15492199E-05  0.25674384E-05
  0.47100000E+01  0.15592778E-05  0.25844141E-05
  0.47200000E+01  0.15691060E-05  0.26014004E-05
  0.47300000E+01  0.15787109E-05  0.26183969E-05
  0.47400000E+01  0.15880988E-05  0.26354031E-05
  0.47500000E+01  0.15972757E-05  0.26524186E-05
  0.47600000E+01  0.16062476E-05  0.26694431E-05
  0.47700000E+01  0.16150202E-05  0.26864762E-05
  0.47800000E+01  0.16235990E-05  0.27035176E-05
  0.47900000E+01  0.16319896E-05  0.27205669E-05
  0.48000000E+01  0.16401971E-05  0.27376241E-05
  0.48100000E+01  0.16482266E-05  0.27546886E-05
  0.48200000E+01  0.16560832E-05  0.27717605E-05
  0.48300000E+01  0.16637716E-05  0.27888394E-05
  0.48400000E+01  0.16712965E-05  0.28059251E-05
  0.48500000E+01  0.16786625E-05  0.28230175E-05
  0.48600000E+01  0.16858739E-05  0.28401164E-05
  0.48700000E+01  0.16929351E-05  0.28572217E-05
  0.48800000E+01  0.16998501E-05  0.28743332E-05
  0.48900000E+01  0.17066231E-05  0.28914509E-05
  0.49000000E+01  0.17132579E-05  0.29085747E-05
  0.49100000E+01  0.17197582E-05  0.29257044E-05
  0.49200000E+01  0.17261277E-05  0.29428401E-05
  0.49300000E+01  0.17323701E-05  0.29599816E-05
  0.49400000E+01  0.17384886E-05  0.29771290E-05
  0.49500000E+01  0.17444867E-05  0.29942823E-05
  0.49600000E+01  0.17503675E-05  0.30114414E-05
  0.49700000E+01  0.17561342E-05  0.30286063E-05
  0.49800000E+01  0.17617897E-05  0.30457770E-05
  0.49900000E+01  0.17673371E-05  0.30629537E-05
  0.50000000E+01  0.17727790E-05  0.30801362E-05
  0.50100000E+01  0.17781183E-05  0.30973248E-05
  0.50200000E+01  0.17833574E-05  0.31145195E-05
  0.50300000E+01  0.17884991E-05  0.31317203E-05
  0.50400000E+01  0.17935456E-05  0.31489273E-05
  0.50500000E+01  0.17984994E-05  0.31661407E-05
  0.50600000E+01  0.18033628E-05  0.31833605E-05
  0.50700000E+01  0.18081378E-05  0.32005869E-05
  0.50800000E+01  0.18128267E-05  0.32178200E-05
  0.50900000E+01  0.18174314E-05  0.32350599E-05
  0.51000000E+01  0.18219539E-05  0.32523069E-05
  0.51100000E+01  0.18263961E-05  0.32695611E-05
  0.51200000E+01  0.18307597E-05  0.32868225E-05
  0.51300000E+01  0.18350465E-05  0.33040916E-05
  0.51400000E+01  0.18392581E-05  0.33213683E-05
  0.51500000E+01  0.18433962E-05  0.33386530E-05
  0.51600000E+01  0.18474621E-05  0.33559457E-05
  0.51700000E+01  0.18514573E-05  0.33732468E-05
  0.51800000E+01  0.18553833E-05  0.33905565E-05
  0.51900000E+01  0.18592413E-05  0.34078750E-05
  0.52000000E+01  0.18630326E-05  0.34252025E-05
  0.52100000E+01  0.18667583E-05  0.34425393E-05
  0.52200000E+01  0.18704196E-05  0.34598856E-05
  0.52300000E+01  0.18740176E-05  0.34772417E-05
  0.52400000E+01  0.18775532E-05  0.34946078E-05
  0.52500000E+01  0.18810273E-05  0.35119842E-05
  0.52600000E+01  0.18844410E-05  0.35293713E-05
  0.52700000E+01  0.18877950E-05  0.35467692E-05
  0.52800000E+01  0.18910900E-05  0.35641783E-05
  0.52900000E+01  0.18943269E-05  0.35815988E-05
  0.53000000E+01  0.18975062E-05  0.35990310E-05
  0.53100000E+01  0.19006287E-05  0.36164753E-05
  0.53200000E+01  0.19036949E-05  0.36339320E-05
  0.53300000E+01  0.19067052E-05  0.36514012E-05
  0.53400000E+01  0.19096603E-05  0.36688835E-05
  0.53500000E+01  0.19125605E-05  0.36863789E-05
  0.53600000E+01  0.19154062E-05  0.37038880E-05
  0.53700000E+01  0.19181977E-05  0.37214110E-05
  0.53800000E+01  0.19209353E-05  0.37389481E-05
  0.53900000E+01  0.19236194E-05  0.37564998E-05
  0.54000000E+01  0.19262500E-05  0.37740662E-05
  0.54100000E+01  0.19288274E-05  0.37916479E-05
  0.54200000E+01  0.19313517E-05  0.38092450E-05
  0.54300000E+01  0.19338230E-05  0.38268578E-05
  0.54400000E+01  0.19362413E-05  0.38444868E-05
  0.54500000E+01  0.19386066E-05  0.38621321E-05
  0.54600000E+01  0.19409189E-05  0.38797942E-05
  0.54700000E+01  0.19431782E-05  0.38974732E-05
  0.54800000E+01  0.19453844E-05  0.39151696E-05
  0.54900000E+01  0.19475373E-05  0.39328836E-05
  0.55000000E+01  0.19496367E-05  0.39506155E-05
  0.55100000E+01  0.19516825E-05  0.39683656E-05
  0.55200000E+01  0.19536744E-05  0.39861343E-05
  0.55300000E+01  0.19556122E-05  0.40039217E-05
  0.55400000E+01  0.19574956E-05  0.40217281E-05
  0.55500000E+01  0.19593242E-05  0.40395539E-05
  0.55600000E+01  0.19610978E-05  0.40573993E-05
  0.55700000E+01  0.19628159E-05  0.40752645E-05
  0.55800000E+01  0.19644781E-05  0.40931499E-05
  0.55900000E+01  0.19660839E-05  0.41110557E-05
  0.56000000E+01  0.19676330E-05  0.41289821E-05
  0.56100000E+01  0.19691249E-05  0.41469293E-05
  0.56200000E+01  0.19705590E-05  0.41648977E-05
  0.56300000E+01  0.19719347E-05  0.41828874E-05
  0.56400000E+01  0.19732516E-05  0.42008986E-05
  0.56500000E+01  0.19745091E-05  0.42189316E-05
  0.56600000E+01  0.19757065E-05  0.42369865E-05
  0.56700000E+01  0.19768433E-05  0.42550636E-05
  0.56800000E+01  0.19779187E-05  0.42731631E-05
  0.56900000E+01  0.19789322E-05  0.42912851E-05
  0.57000000E+01  0.19798830E-05  0.43094298E-05
  0.57100000E+01  0.19807704E-05  0.43275974E-05
  0.57200000E+01  0.19815936E-05  0.43457881E-05
  0.57300000E+01  0.19823521E-05  0.43640020E-05
  0.57400000E+01  0.19830449E-05  0.43822393E-05
  0.57500000E+01  0.19836714E-05  0.44005001E-05
  0.57600000E+01  0.19842306E-05  0.44187845E-05
  0.57700000E+01  0.19847219E-05  0.44370928E-05
  0.57800000E+01  0.19851443E-05  0.44554250E-05
  0.57900000E+01  0.19854970E-05  0.44737812E-05
  0.58000000E+01  0.19857793E-05  0.44921617E-05
  0.58100000E+01  0.19859901E-05  0.45105664E-05
  0.58200000E+01  0.19861286E-05  0.45289955E-05
  0.58300000E+01  0.19861940E-05  0.45474490E-05
  0.58400000E+01  0.19861853E-05  0.45659272E-05
  0.58500000E+01  0.19861015E-05  0.45844301E-05
  0.58600000E+01  0.19859419E-05  0.46029578E-05
  0.58700000E+01  0.19857053E-05  0.46215103E-05
  0.58800000E+01  0.19853909E-05  0.46400878E-05
  0.58900000E+01  0.19849977E-05  0.46586903E-05
  0.59000000E+01  0.19845247E-05  0.46773179E-05
  0.59100000E+01  0.19839710E-05  0.46959707E-05
  0.59200000E+01  0.19833355E-05  0.47146487E-05
  0.59300000E+01  0.19826172E-05  0.47333521E-05
  0.59400000E+01  0.19818153E-05  0.47520808E-05
  0.59500000E+01  0.19809285E-05  0.47708350E-05
  0.59600000E+01  0.19799561E-05  0.47896147E-05
  0.59700000E+01  0.19788968E-05  0.48084199E-05
  0.59800000E+01  0.19777497E-05  0.48272508E-05
  0.59900000E+01  0.19765138E-05  0.48461074E-05
  0.60000000E+01  0.19751881E-05  0.48649897E-05
  0.60100000E+01  0.19737714E-05  0.48838977E-05
  0.60200000E+01  0.19722629E-05  0.49028317E-05
  0.60300000E+01  0.19706614E-05  0.49217914E-05
  0.60400000E+01  0.19689659E-05  0.49407772E-05
  0.60500000E+01  0.19671754E-05  0.49597889E-05
  0.60600000E+01  0.19652889E-05  0.49788267E-05
  0.60700000E+01  0.19633053E-05  0.49978905E-05
  0.60800000E+01  0.19612237E-05  0.50169805E-05
  0.60900000E+01  0.19590429E-05  0.50360966E-05
  0.61000000E+01  0.19567621E-05  0.50552390E-05
  0.61100000E+01  0.19543801E-05  0.50744076E-05
  0.61200000E+01  0.19518961E-05  0.50936026E-05
  0.61300000E+01  0.19493089E-05  0.51128239E-05
  0.61400000E+01  0.19466177E-05  0.51320717E-05
  0.61500000E+01  0.19438215E-05  0.51513459E-05
  0.61600000E+01  0.19409192E-05  0.51706467E-05
  0.61700000E+01  0.19379100E-05  0.51899741E-05
  0.61800000E+01  0.19347929E-05  0.52093281E-05
  0.61900000E+01  0.19315670E-05  0.52287088E-05
  0.62000000E+01  0.19282314E-05  0.52481162E-05
  0.62100000E+01  0.19247852E-05  0.52675505E-05
  0.62200000E+01  0.19212275E-05  0.52870116E-05
  0.62300000E+01  0.19175575E-05  0.53064997E-05
  0.62400000E+01  0.19137743E-05  0.53260147E-05
  0.62500000E+01  0.19098772E-05  0.53455569E-05
  0.62600000E+01  0.19058653E-05  0.53651262E-05
  0.62700000E+01  0.19017378E-05  0.53847227E-05
  0.62800000E+01  0.18974940E-05  0.54043466E-05
  0.62900000E+01  0.18931333E-05  0.54239978E-05
  0.63000000E+01  0.18886548E-05  0.54436764E-05
  0.63100000E+01  0.18840579E-05  0.54633827E-05
  0.63200000E+01  0.18793420E-05  0.54831165E-05
  0.63300000E+01  0.18745065E-05  0.55028781E-05
  0.63400000E+01  0.18695508E-05  0.55226675E-05
  0.63500000E+01  0.18644742E-05  0.55424849E-05
  0.63600000E+01  0.18592764E-05  0.55623302E-05
  0.63700000E+01  0.18539567E-05  0.55822037E-05
  0.63800000E+01  0.18485149E-05  0.56021054E-05
  0.63900000E+01  0.18429503E-05  0.56220354E-05
  0.64000000E+01  0.18372627E-05  0.56419939E-05
  0.64100000E+01  0.18314518E-05  0.56619810E-05
  0.64200000E+01  0.18255171E-05  0.56819967E-05
  0.64300000E+01  0.18194585E-05  0.57020412E-05
  0.64400000E+01  0.18132757E-05  0.57221147E-05
  0.64500000E+01  0.18069686E-05  0.57422172E-05
  0.64600000E+01  0.18005369E-05  0.57623488E-05
  0.64700000E+01  0.17939806E-05  0.57825098E-05
  0.64800000E+01  0.17872997E-05  0.58027002E-05
  0.64900000E+01  0.17804941E-05  0.58229201E-05
  0.65000000E+01  0.17735639E-05  0.58431697E-05
  0.65100000E+01  0.17665092E-05  0.58634491E-05
  0.65200000E+01  0.17593301E-05  0.58837585E-05
  0.65300000E+01  0.17520267E-05  0.59040980E-05
  0.65400000E+01  0.17445994E-05  0.59244677E-05
  0.65500000E+01  0.17370484E-05  0.59448678E-05
  0.65600000E+01  0.17293740E-05  0.59652984E-05
  0.65700000E+01  0.17215766E-05  0.59857597E-05
  0.65800000E+01  0.17136567E-05  0.60062517E-05
  0.65900000E+01  0.17056148E-05  0.60267748E-05
  0.66000000E+01  0.16974513E-05  0.60473289E-05
  0.66100000E+01  0.16891669E-05  0.60679143E-05
  0.66200000E+01  0.16807623E-05  0.60885310E-05
  0.66300000E+01  0.16722381E-05  0.61091793E-05
  0.66400000E+01  0.16635951E-05  0.61298593E-05
  0.66500000E+01  0.16548342E-05  0.61505712E-05
  0.66600000E+01  0.16459561E-05  0.61713150E-05
  0.66700000E+01  0.16369619E-05  0.61920910E-05
  0.66800000E+01  0.16278525E-05  0.62128993E-05
  0.66900000E+01  0.16186289E-05  0.62337401E-05
  0.67000000E+01  0.16092923E-05  0.62546135E-05
  0.67100000E+01  0.15998437E-05  0.62755197E-05
  0.67200000E+01  0.15902845E-05  0.62964588E-05
  0.67300000E+01  0.15806158E-05  0.63174310E-05
  0.67400000E+01  0.15708390E-05  0.63384365E-05
  0.67500000E+01  0.15609555E-05  0.63594754E-05
  0.67600000E+01  0.15509666E-05  0.63805479E-05
  0.67700000E+01  0.15408739E-05  0.64016542E-05
  0.67800000E+01  0.15306789E-05  0.64227943E-05
  0.67900000E+01  0.15203832E-05  0.64439686E-05
  0.68000000E+01  0.15099884E-05  0.64651771E-05
  0.68100000E+01  0.14994962E-05  0.64864201E-05
  0.68200000E+01  0.14889084E-05  0.65076976E-05
  0.68300000E+01  0.14782268E-05  0.65290099E-05
  0.68400000E+01  0.14674532E-05  0.65503572E-05
  0.68500000E+01  0.14565895E-05  0.65717396E-05
  0.68600000E+01  0.14456376E-05  0.65931574E-05
  0.68700000E+01  0.14345996E-05  0.66146106E-05
  0.68800000E+01  0.14234775E-05  0.66360995E-05
  0.68900000E+01  0.14122733E-05  0.66576243E-05
  0.69000000E+01  0.14009892E-05  0.66791851E-05
  0.69100000E+01  0.13896274E-05  0.67007823E-05
  0.69200000E+01  0.13781900E-05  0.67224158E-05
  0.69300000E+01  0.13666793E-05  0.67440861E-05
  0.69400000E+01  0.13550977E-05  0.67657932E-05
  0.69500000E+01  0.13434473E-05  0.67875375E-05
  0.69600000E+01  0.13317307E-05  0.68093190E-05
  0.69700000E+01  0.13199501E-05  0.68311381E-05
  0.69800000E+01  0.13081080E-05  0.68529950E-05
  0.69900000E+01  0.12962068E-05  0.68748898E-05
  0.70000000E+01  0.12842491E-05  0.68968230E-05
