  0.50000000E-01  0.15813701E-07 -0.88569112E-08
  0.60000000E-01  0.16105564E-07 -0.10627390E-07
  0.70000000E-01  0.16418725E-07 -0.12397376E-07
  0.80000000E-01  0.16753187E-07 -0.14166787E-07
  0.90000000E-01  0.17108955E-07 -0.15935541E-07
  0.10000000E+00  0.17486032E-07 -0.17703556E-07
  0.11000000E+00  0.17884424E-07 -0.19470751E-07
  0.12000000E+00  0.18304136E-07 -0.21237042E-07
  0.13000000E+00  0.18745173E-07 -0.23002349E-07
  0.14000000E+00  0.19207543E-07 -0.24766589E-07
  0.15000000E+00  0.19691250E-07 -0.26529680E-07
  0.16000000E+00  0.20196303E-07 -0.28291540E-07
  0.17000000E+00  0.20722707E-07 -0.30052087E-07
  0.18000000E+00  0.21270471E-07 -0.31811239E-07
  0.19000000E+00  0.21839601E-07 -0.33568913E-07
  0.20000000E+00  0.22430104E-07 -0.35325028E-07
  0.21000000E+00  0.23041988E-07 -0.37079500E-07
  0.22000000E+00  0.23675259E-07 -0.38832246E-07
  0.23000000E+00  0.24329925E-07 -0.40583184E-07
  0.24000000E+00  0.25005992E-07 -0.42332230E-07
  0.25000000E+00  0.25703467E-07 -0.44079301E-07
  0.26000000E+00  0.26422354E-07 -0.45824312E-07
  0.27000000E+00  0.27162660E-07 -0.47567179E-07
  0.28000000E+00  0.27924389E-07 -0.49307818E-07
  0.29000000E+00  0.28707545E-07 -0.51046142E-07
  0.30000000E+00  0.29512131E-07 -0.52782065E-07
  0.31000000E+00  0.30338149E-07 -0.54515502E-07
  0.32000000E+00  0.31185601E-07 -0.56246365E-07
  0.33000000E+00  0.32054486E-07 -0.57974566E-07
  0.34000000E+00  0.32944804E-07 -0.59700016E-07
  0.35000000E+00  0.33856551E-07 -0.61422627E-07
  0.36000000E+00  0.34789724E-07 -0.63142307E-07
  0.37000000E+00  0.35744318E-07 -0.64858966E-07
  0.38000000E+00  0.36720325E-07 -0.66572511E-07
  0.39000000E+00  0.37717736E-07 -0.68282851E-07
  0.40000000E+00  0.38736541E-07 -0.69989891E-07
  0.41000000E+00  0.39776726E-07 -0.71693537E-07
  0.42000000E+00  0.40838276E-07 -0.73393692E-07
  0.43000000E+00  0.41921175E-07 -0.75090260E-07
  0.44000000E+00  0.43025402E-07 -0.76783144E-07
  0.45000000E+00  0.44150936E-07 -0.78472244E-07
  0.46000000E+00  0.45297752E-07 -0.80157462E-07
  0.47000000E+00  0.46465821E-07 -0.81838696E-07
  0.48000000E+00  0.47655116E-07 -0.83515846E-07
  0.49000000E+00  0.48865601E-07 -0.85188808E-07
  0.50000000E+00  0.50097242E-07 -0.86857480E-07
  0.51000000E+00  0.51349999E-07 -0.88521757E-07
  0.52000000E+00  0.52623830E-07 -0.90181535E-07
  0.53000000E+00  0.53918689E-07 -0.91836708E-07
  0.54000000E+00  0.55234529E-07 -0.93487169E-07
  0.55000000E+00  0.56571297E-07 -0.95132813E-07
  0.56000000E+00  0.57928937E-07 -0.96773531E-07
  0.57000000E+00  0.59307391E-07 -0.98409216E-07
  0.58000000E+00  0.60706596E-07 -0.10003976E-06
  0.59000000E+00  0.62126487E-07 -0.10166505E-06
  0.60000000E+00  0.63566995E-07 -0.10328499E-06
  0.61000000E+00  0.65028046E-07 -0.10489945E-06
  0.62000000E+00  0.66509564E-07 -0.10650834E-06
  0.63000000E+00  0.68011470E-07 -0.10811155E-06
  0.64000000E+00  0.69533681E-07 -0.10970895E-06
  0.65000000E+00  0.71076109E-07 -0.11130046E-06
  0.66000000E+00  0.72638666E-07 -0.11288595E-06
  0.67000000E+00  0.74221258E-07 -0.11446532E-06
  0.68000000E+00  0.75823789E-07 -0.11603846E-06
  0.69000000E+00  0.77446160E-07 -0.11760526E-06
  0.70000000E+00  0.79088269E-07 -0.11916562E-06
  0.71000000E+00  0.80750011E-07 -0.12071943E-06
  0.72000000E+00  0.82431277E-07 -0.12226657E-06
  0.73000000E+00  0.84131960E-07 -0.12380696E-06
  0.74000000E+00  0.85851945E-07 -0.12534047E-06
  0.75000000E+00  0.87591119E-07 -0.12686701E-06
  0.76000000E+00  0.89349366E-07 -0.12838646E-06
  0.77000000E+00  0.91126567E-07 -0.12989874E-06
  0.78000000E+00  0.92922604E-07 -0.13140372E-06
  0.79000000E+00  0.94737354E-07 -0.13290131E-06
  0.80000000E+00  0.96570698E-07 -0.13439140E-06
  0.81000000E+00  0.98422512E-07 -0.13587389E-06
  0.82000000E+00  0.10029267E-06 -0.13734868E-06
  0.83000000E+00  0.10218106E-06 -0.13881567E-06
  0.84000000E+00  0.10408755E-06 -0.14027474E-06
  0.85000000E+00  0.10601202E-06 -0.14172580E-06
  0.86000000E+00  0.10795434E-06 -0.14316875E-06
  0.87000000E+00  0.10991441E-06 -0.14460347E-06
  0.88000000E+00  0.11189209E-06 -0.14602987E-06
  0.89000000E+00  0.11388727E-06 -0.14744784E-06
  0.90000000E+00  0.11589983E-06 -0.14885727E-06
  0.91000000E+00  0.11792967E-06 -0.15025807E-06
  0.92000000E+00  0.11997666E-06 -0.15165011E-06
  0.93000000E+00  0.12204070E-06 -0.15303329E-06
  0.94000000E+00  0.12412169E-06 -0.15440751E-06
  0.95000000E+00  0.12621952E-06 -0.15577265E-06
  0.96000000E+00  0.12833409E-06 -0.15712860E-06
  0.97000000E+00  0.13046531E-06 -0.15847525E-06
  0.98000000E+00  0.13261309E-06 -0.15981249E-06
  0.99000000E+00  0.13477734E-06 -0.16114020E-06
  0.10000000E+01  0.13695799E-06 -0.16245827E-06
  0.10100000E+01  0.13915495E-06 -0.16376657E-06
  0.10200000E+01  0.14136815E-06 -0.16506500E-06
  0.10300000E+01  0.14359753E-06 -0.16635344E-06
  0.10400000E+01  0.14584303E-06 -0.16763176E-06
  0.10500000E+01  0.14810459E-06 -0.16889985E-06
  0.10600000E+01  0.15038216E-06 -0.17015759E-06
  0.10700000E+01  0.15267569E-06 -0.17140485E-06
  0.10800000E+01  0.15498516E-06 -0.17264151E-06
  0.10900000E+01  0.15731053E-06 -0.17386746E-06
  0.11000000E+01  0.15965176E-06 -0.17508257E-06
  0.11100000E+01  0.16200885E-06 -0.17628672E-06
  0.11200000E+01  0.16438177E-06 -0.17747979E-06
  0.11300000E+01  0.16677052E-06 -0.17866167E-06
  0.11400000E+01  0.16917510E-06 -0.17983222E-06
  0.11500000E+01  0.17159551E-06 -0.18099134E-06
  0.11600000E+01  0.17403176E-06 -0.18213890E-06
  0.11700000E+01  0.17648386E-06 -0.18327479E-06
  0.11800000E+01  0.17895183E-06 -0.18439889E-06
  0.11900000E+01  0.18143570E-06 -0.18551109E-06
  0.12000000E+01  0.18393550E-06 -0.18661126E-06
  0.12100000E+01  0.18645126E-06 -0.18769931E-06
  0.12200000E+01  0.18898302E-06 -0.18877512E-06
  0.12300000E+01  0.19153081E-06 -0.18983857E-06
  0.12400000E+01  0.19409470E-06 -0.19088956E-06
  0.12500000E+01  0.19667471E-06 -0.19192797E-06
  0.12600000E+01  0.19927092E-06 -0.19295371E-06
  0.12700000E+01  0.20188336E-06 -0.19396665E-06
  0.12800000E+01  0.20451209E-06 -0.19496669E-06
  0.12900000E+01  0.20715717E-06 -0.19595373E-06
  0.13000000E+01  0.20981866E-06 -0.19692764E-06
  0.13100000E+01  0.21249660E-06 -0.19788833E-06
  0.13200000E+01  0.21519106E-06 -0.19883568E-06
  0.13300000E+01  0.21790209E-06 -0.19976958E-06
  0.13400000E+01  0.22062973E-06 -0.20068990E-06
  0.13500000E+01  0.22337404E-06 -0.20159655E-06
  0.13600000E+01  0.22613505E-06 -0.20248939E-06
  0.13700000E+01  0.22891281E-06 -0.20336830E-06
  0.13800000E+01  0.23170735E-06 -0.20423316E-06
  0.13900000E+01  0.23451870E-06 -0.20508383E-06
  0.14000000E+01  0.23734687E-06 -0.20592019E-06
  0.14100000E+01  0.24019187E-06 -0.20674210E-06
  0.14200000E+01  0.24305371E-06 -0.20754942E-06
  0.14300000E+01  0.24593237E-06 -0.20834199E-06
  0.14400000E+01  0.24882784E-06 -0.20911968E-06
  0.14500000E+01  0.25174009E-06 -0.20988232E-06
  0.14600000E+01  0.25466906E-06 -0.21062976E-06
  0.14700000E+01  0.25761469E-06 -0.21136184E-06
  0.14800000E+01  0.26057692E-06 -0.21207839E-06
  0.14900000E+01  0.26355564E-06 -0.21277924E-06
  0.15000000E+01  0.26655076E-06 -0.21346421E-06
  0.15100000E+01  0.26956214E-06 -0.21413314E-06
  0.15200000E+01  0.27258963E-06 -0.21478583E-06
  0.15300000E+01  0.27563308E-06 -0.21542212E-06
  0.15400000E+01  0.27869229E-06 -0.21604180E-06
  0.15500000E+01  0.28176706E-06 -0.21664471E-06
  0.15600000E+01  0.28485716E-06 -0.21723066E-06
  0.15700000E+01  0.28796234E-06 -0.21779946E-06
  0.15800000E+01  0.29108231E-06 -0.21835092E-06
  0.15900000E+01  0.29421679E-06 -0.21888487E-06
  0.16000000E+01  0.29736544E-06 -0.21940112E-06
  0.16100000E+01  0.30052792E-06 -0.21989949E-06
  0.16200000E+01  0.30370385E-06 -0.22037981E-06
  0.16300000E+01  0.30689284E-06 -0.22084189E-06
  0.16400000E+01  0.31009446E-06 -0.22128558E-06
  0.16500000E+01  0.31330826E-06 -0.22171071E-06
  0.16600000E+01  0.31653378E-06 -0.22211711E-06
  0.16700000E+01  0.31977051E-06 -0.22250463E-06
  0.16800000E+01  0.32301792E-06 -0.22287311E-06
  0.16900000E+01  0.32627548E-06 -0.22322240E-06
  0.17000000E+01  0.32954262E-06 -0.22355237E-06
  0.17100000E+01  0.33281873E-06 -0.22386287E-06
  0.17200000E+01  0.33610321E-06 -0.22415377E-06
  0.17300000E+01  0.33939542E-06 -0.22442493E-06
  0.17400000E+01  0.34269470E-06 -0.22467623E-06
  0.17500000E+01  0.34600038E-06 -0.22490753E-06
  0.17600000E+01  0.34931177E-06 -0.22511873E-06
  0.17700000E+01  0.35262814E-06 -0.22530969E-06
  0.17800000E+01  0.35594879E-06 -0.22548029E-06
  0.17900000E+01  0.35927296E-06 -0.22563042E-06
  0.18000000E+01  0.36259989E-06 -0.22575995E-06
  0.18100000E+01  0.36592882E-06 -0.22586877E-06
  0.18200000E+01  0.36925897E-06 -0.22595674E-06
  0.18300000E+01  0.37258954E-06 -0.22602375E-06
  0.18400000E+01  0.37591973E-06 -0.22606967E-06
  0.18500000E+01  0.37924873E-06 -0.22609437E-06
  0.18600000E+01  0.38257573E-06 -0.22609772E-06
  0.18700000E+01  0.38589989E-06 -0.22607958E-06
  0.18800000E+01  0.38922038E-06 -0.22603982E-06
  0.18900000E+01  0.39253636E-06 -0.22597829E-06
  0.19000000E+01  0.39584699E-06 -0.22589487E-06
  0.19100000E+01  0.39915141E-06 -0.22578939E-06
  0.19200000E+01  0.40244877E-06 -0.22566173E-06
  0.19300000E+01  0.40573819E-06 -0.22551173E-06
  0.19400000E+01  0.40901880E-06 -0.22533925E-06
  0.19500000E+01  0.41228972E-06 -0.22514415E-06
  0.19600000E+01  0.41555005E-06 -0.22492629E-06
  0.19700000E+01  0.41879891E-06 -0.22468553E-06
  0.19800000E+01  0.42203536E-06 -0.22442175E-06
  0.19900000E+01  0.42525847E-06 -0.22413482E-06
  0.20000000E+01  0.42846731E-06 -0.22382462E-06
  0.20100000E+01  0.43166091E-06 -0.22349106E-06
  0.20200000E+01  0.43483827E-06 -0.22313401E-06
  0.20300000E+01  0.43799839E-06 -0.22275341E-06
  0.20400000E+01  0.44114024E-06 -0.22234917E-06
  0.20500000E+01  0.44426274E-06 -0.22192123E-06
  0.20600000E+01  0.44736479E-06 -0.22146953E-06
  0.20700000E+01  0.45044526E-06 -0.22099402E-06
  0.20800000E+01  0.45350296E-06 -0.22049469E-06
  0.20900000E+01  0.45653669E-06 -0.21997152E-06
  0.21000000E+01  0.45954516E-06 -0.21942448E-06
  0.21100000E+01  0.46252706E-06 -0.21885359E-06
  0.21200000E+01  0.46548102E-06 -0.21825885E-06
  0.21300000E+01  0.46840561E-06 -0.21764029E-06
  0.21400000E+01  0.47129934E-06 -0.21699792E-06
  0.21500000E+01  0.47416064E-06 -0.21633177E-06
  0.21600000E+01  0.47698791E-06 -0.21564188E-06
  0.21700000E+01  0.47977944E-06 -0.21492826E-06
  0.21800000E+01  0.48253349E-06 -0.21419097E-06
  0.21900000E+01  0.48524820E-06 -0.21343001E-06
  0.22000000E+01  0.48792167E-06 -0.21264542E-06
  0.22100000E+01  0.49055191E-06 -0.21183722E-06
  0.22200000E+01  0.49313686E-06 -0.21100541E-06
  0.22300000E+01  0.49567436E-06 -0.21015000E-06
  0.22400000E+01  0.49816220E-06 -0.20927099E-06
  0.22500000E+01  0.50059807E-06 -0.20836837E-06
  0.22600000E+01  0.50297958E-06 -0.20744212E-06
  0.22700000E+01  0.50530429E-06 -0.20649222E-06
  0.22800000E+01  0.50756965E-06 -0.20551863E-06
  0.22900000E+01  0.50977305E-06 -0.20452133E-06
  0.23000000E+01  0.51191183E-06 -0.20350027E-06
  0.23100000E+01  0.51398321E-06 -0.20245541E-06
  0.23200000E+01  0.51598439E-06 -0.20138673E-06
  0.23300000E+01  0.51791248E-06 -0.20029419E-06
  0.23400000E+01  0.51976453E-06 -0.19917776E-06
  0.23500000E+01  0.52153753E-06 -0.19803744E-06
  0.23600000E+01  0.52322842E-06 -0.19687323E-06
  0.23700000E+01  0.52483408E-06 -0.19568514E-06
  0.23800000E+01  0.52635133E-06 -0.19447321E-06
  0.23900000E+01  0.52777696E-06 -0.19323752E-06
  0.24000000E+01  0.52910769E-06 -0.19197814E-06
  0.24100000E+01  0.53034020E-06 -0.19069520E-06
  0.24200000E+01  0.53147112E-06 -0.18938883E-06
  0.24300000E+01  0.53249704E-06 -0.18805922E-06
  0.24400000E+01  0.53341448E-06 -0.18670658E-06
  0.24500000E+01  0.53421993E-06 -0.18533115E-06
  0.24600000E+01  0.53490983E-06 -0.18393321E-06
  0.24700000E+01  0.53548053E-06 -0.18251307E-06
  0.24800000E+01  0.53592835E-06 -0.18107106E-06
  0.24900000E+01  0.53624952E-06 -0.17960758E-06
  0.25000000E+01  0.53644021E-06 -0.17812301E-06
  0.25100000E+01  0.53649650E-06 -0.17661778E-06
  0.25200000E+01  0.53641436E-06 -0.17509236E-06
  0.25300000E+01  0.53618968E-06 -0.17354722E-06
  0.25400000E+01  0.53581821E-06 -0.17198286E-06
  0.25500000E+01  0.53529559E-06 -0.17039980E-06
  0.25600000E+01  0.53461732E-06 -0.16879858E-06
  0.25700000E+01  0.53377871E-06 -0.16717975E-06
  0.25800000E+01  0.53277493E-06 -0.16554389E-06
  0.25900000E+01  0.53160097E-06 -0.16389158E-06
  0.26000000E+01  0.53025157E-06 -0.16222342E-06
  0.26100000E+01  0.52872132E-06 -0.16054004E-06
  0.26200000E+01  0.52700451E-06 -0.15884208E-06
  0.26300000E+01  0.52509524E-06 -0.15713020E-06
  0.26400000E+01  0.52298731E-06 -0.15540508E-06
  0.26500000E+01  0.52067427E-06 -0.15366746E-06
  0.26600000E+01  0.51814940E-06 -0.15191808E-06
  0.26700000E+01  0.51540566E-06 -0.15015772E-06
  0.26800000E+01  0.51243575E-06 -0.14838721E-06
  0.26900000E+01  0.50923207E-06 -0.14660743E-06
  0.27000000E+01  0.50578672E-06 -0.14481928E-06
  0.27100000E+01  0.50209154E-06 -0.14302376E-06
  0.27200000E+01  0.49813808E-06 -0.14122187E-06
  0.27300000E+01  0.49391765E-06 -0.13941471E-06
  0.27400000E+01  0.48942136E-06 -0.13760341E-06
  0.27500000E+01  0.48464008E-06 -0.13578917E-06
  0.27600000E+01  0.47956456E-06 -0.13397323E-06
  0.27700000E+01  0.47418544E-06 -0.13215691E-06
  0.27800000E+01  0.46849329E-06 -0.13034157E-06
  0.27900000E+01  0.46247868E-06 -0.12852859E-06
  0.28000000E+01  0.45613229E-06 -0.12671945E-06
  0.28100000E+01  0.44944491E-06 -0.12491561E-06
  0.28200000E+01  0.44240761E-06 -0.12311860E-06
  0.28300000E+01  0.43501175E-06 -0.12132997E-06
  0.28400000E+01  0.42724917E-06 -0.11955130E-06
  0.28500000E+01  0.41911221E-06 -0.11778418E-06
  0.28600000E+01  0.41059388E-06 -0.11603021E-06
  0.28700000E+01  0.40168794E-06 -0.11429104E-06
  0.28800000E+01  0.39238903E-06 -0.11256831E-06
  0.28900000E+01  0.38269279E-06 -0.11086367E-06
  0.29000000E+01  0.37259597E-06 -0.10917880E-06
  0.29100000E+01  0.36209651E-06 -0.10751541E-06
  0.29200000E+01  0.35119369E-06 -0.10587521E-06
  0.29300000E+01  0.33988815E-06 -0.10425997E-06
  0.29400000E+01  0.32818204E-06 -0.10267148E-06
  0.29500000E+01  0.31607898E-06 -0.10111158E-06
  0.29600000E+01  0.30358418E-06 -0.99582179E-07
  0.29700000E+01  0.29070437E-06 -0.98085239E-07
  0.29800000E+01  0.27744781E-06 -0.96622802E-07
  0.29900000E+01  0.26382423E-06 -0.95196993E-07
  0.30000000E+01  0.24984471E-06 -0.93810030E-07
  0.30100000E+01  0.23552156E-06 -0.92464231E-07
  0.30200000E+01  0.22086814E-06 -0.91162019E-07
  0.30300000E+01  0.20589864E-06 -0.89905930E-07
  0.30400000E+01  0.19062783E-06 -0.88698614E-07
  0.30500000E+01  0.17507075E-06 -0.87542835E-07
  0.30600000E+01  0.15924237E-06 -0.86441470E-07
  0.30700000E+01  0.14315723E-06 -0.85397508E-07
  0.30800000E+01  0.12682906E-06 -0.84414044E-07
  0.30900000E+01  0.11027031E-06 -0.83494266E-07
  0.31000000E+01  0.93491790E-07 -0.82641454E-07
  0.31100000E+01  0.76502186E-07 -0.81858962E-07
  0.31200000E+01  0.59307661E-07 -0.81150207E-07
  0.31300000E+01  0.41911458E-07 -0.80518656E-07
  0.31400000E+01  0.24313528E-07 -0.79967813E-07
  0.31500000E+01  0.65102265E-08 -0.79501200E-07
  0.31600000E+01 -0.11505941E-07 -0.79122353E-07
  0.31700000E+01 -0.29746485E-07 -0.78834799E-07
  0.31800000E+01 -0.48227011E-07 -0.78642059E-07
  0.31900000E+01 -0.66967194E-07 -0.78547633E-07
  0.32000000E+01 -0.85990630E-07 -0.78555002E-07
  0.32100000E+01 -0.10532457E-06 -0.78667631E-07
  0.32200000E+01 -0.12499953E-06 -0.78888976E-07
  0.32300000E+01 -0.14504873E-06 -0.79222495E-07
  0.32400000E+01 -0.16550746E-06 -0.79671672E-07
  0.32500000E+01 -0.18641226E-06 -0.80240035E-07
  0.32600000E+01 -0.20779999E-06 -0.80931187E-07
  0.32700000E+01 -0.22970682E-06 -0.81748844E-07
  0.32800000E+01 -0.25216704E-06 -0.82696865E-07
  0.32900000E+01 -0.27521191E-06 -0.83779294E-07
  0.33000000E+01 -0.29886832E-06 -0.85000400E-07
  0.33100000E+01 -0.32315752E-06 -0.86364717E-07
  0.33200000E+01 -0.34809376E-06 -0.87877079E-07
  0.33300000E+01 -0.37368299E-06 -0.89542657E-07
  0.33400000E+01 -0.39992162E-06 -0.91366986E-07
  0.33500000E+01 -0.42679527E-06 -0.93355994E-07
  0.33600000E+01 -0.45427771E-06 -0.95516020E-07
  0.33700000E+01 -0.48232991E-06 -0.97853828E-07
  0.33800000E+01 -0.51089919E-06 -0.10037662E-06
  0.33900000E+01 -0.53991865E-06 -0.10309205E-06
  0.34000000E+01 -0.56930679E-06 -0.10600820E-06
  0.34100000E+01 -0.59896735E-06 -0.10913361E-06
  0.34200000E+01 -0.62878956E-06 -0.11247728E-06
  0.34300000E+01 -0.65864867E-06 -0.11604861E-06
  0.34400000E+01 -0.68840693E-06 -0.11985746E-06
  0.34500000E+01 -0.71791507E-06 -0.12391407E-06
  0.34600000E+01 -0.74701430E-06 -0.12822907E-06
  0.34700000E+01 -0.77553898E-06 -0.13281338E-06
  0.34800000E+01 -0.80331994E-06 -0.13767821E-06
  0.34900000E+01 -0.83018854E-06 -0.14283486E-06
  0.35000000E+01 -0.85598149E-06 -0.14829463E-06
  0.35100000E+01 -0.88054636E-06 -0.15406860E-06
  0.35200000E+01 -0.90374773E-06 -0.16016737E-06
  0.35300000E+01 -0.92547381E-06 -0.16660079E-06
  0.35400000E+01 -0.94564322E-06 -0.17337755E-06
  0.35500000E+01 -0.96421170E-06 -0.18050484E-06
  0.35600000E+01 -0.98117815E-06 -0.18798795E-06
  0.35700000E+01 -0.99658963E-06 -0.19582990E-06
  0.35800000E+01 -0.10105446E-05 -0.20403111E-06
  0.35900000E+01 -0.10231942E-05 -0.21258921E-06
  0.36000000E+01 -0.10347397E-05 -0.22149901E-06
  0.36100000E+01 -0.10454284E-05 -0.23075261E-06
  0.36200000E+01 -0.10555438E-05 -0.24033983E-06
  0.36300000E+01 -0.10653938E-05 -0.25024878E-06
  0.36400000E+01 -0.10752939E-05 -0.26046669E-06
  0.36500000E+01 -0.10855489E-05 -0.27098103E-06
  0.36600000E+01 -0.10964306E-05 -0.28178061E-06
  0.36700000E+01 -0.11081562E-05 -0.29285692E-06
  0.36800000E+01 -0.11208651E-05 -0.30420542E-06
  0.36900000E+01 -0.11345998E-05 -0.31582672E-06
  0.37000000E+01 -0.11492883E-05 -0.32772779E-06
  0.37100000E+01 -0.11647329E-05 -0.33992287E-06
  0.37200000E+01 -0.11806052E-05 -0.35243432E-06
  0.37300000E+01 -0.11964484E-05 -0.36529325E-06
  0.37400000E+01 -0.12116874E-05 -0.37853987E-06
  0.37500000E+01 -0.12256473E-05 -0.39222360E-06
  0.37600000E+01 -0.12375777E-05 -0.40640276E-06
  0.37700000E+01 -0.12466832E-05 -0.42114352E-06
  0.37800000E+01 -0.12521558E-05 -0.43651804E-06
  0.37900000E+01 -0.12532076E-05 -0.45260109E-06
  0.38000000E+01 -0.12490999E-05 -0.46946499E-06
  0.38100000E+01 -0.12391675E-05 -0.48717239E-06
  0.38200000E+01 -0.12228397E-05 -0.50576694E-06
  0.38300000E+01 -0.11996620E-05 -0.52526223E-06
  0.38400000E+01 -0.11693314E-05 -0.54563043E-06
  0.38500000E+01 -0.11317581E-05 -0.56679262E-06
  0.38600000E+01 -0.10871621E-05 -0.58861366E-06
  0.38700000E+01 -0.10362005E-05 -0.61090438E-06
  0.38800000E+01 -0.98008816E-06 -0.63343300E-06
  0.38900000E+01 -0.92064962E-06 -0.65594606E-06
  0.39000000E+01 -0.86022025E-06 -0.67819721E-06
  0.39100000E+01 -0.80133845E-06 -0.69998049E-06
  0.39200000E+01 -0.74623715E-06 -0.72116521E-06
  0.39300000E+01 -0.69624251E-06 -0.74173077E-06
  0.39400000E+01 -0.65127654E-06 -0.76180201E-06
  0.39500000E+01 -0.60968268E-06 -0.78168632E-06
  0.39600000E+01 -0.56851587E-06 -0.80190962E-06
  0.39700000E+01 -0.52427372E-06 -0.82323668E-06
  0.39800000E+01 -0.47386213E-06 -0.84664778E-06
  0.39900000E+01 -0.41547503E-06 -0.87327081E-06
  0.40000000E+01 -0.34908843E-06 -0.90444320E-06
  0.40100000E+01 -0.27641679E-06 -0.94258940E-06
  0.40200000E+01 -0.20038699E-06 -0.99514720E-06
  0.40300000E+01 -0.12435249E-06 -0.10941939E-05
  0.40400000E+01 -0.51328771E-07 -0.15763324E-05
  0.40500000E+01  0.16528253E-07 -0.37923697E-06
  0.40600000E+01  0.78109979E-07 -0.72248655E-06
  0.40700000E+01  0.13324918E-06 -0.79986479E-06
  0.40800000E+01  0.18244069E-06 -0.83406234E-06
  0.40900000E+01  0.22652152E-06 -0.85285262E-06
  0.41000000E+01  0.26640670E-06 -0.86422065E-06
  0.41100000E+01  0.30292254E-06 -0.87138434E-06
  0.41200000E+01  0.33673397E-06 -0.87591499E-06
  0.41300000E+01  0.36833822E-06 -0.87868143E-06
  0.41400000E+01  0.39809307E-06 -0.88020735E-06
  0.41500000E+01  0.42625478E-06 -0.88082860E-06
  0.41600000E+01  0.45301212E-06 -0.88077059E-06
  0.41700000E+01  0.47851119E-06 -0.88018981E-06
  0.41800000E+01  0.50287128E-06 -0.87919768E-06
  0.41900000E+01  0.52619405E-06 -0.87787516E-06
  0.42000000E+01  0.54856843E-06 -0.87628211E-06
  0.42100000E+01  0.57007317E-06 -0.87446343E-06
  0.42200000E+01  0.59077817E-06 -0.87245341E-06
  0.42300000E+01  0.61074542E-06 -0.87027860E-06
  0.42400000E+01  0.63002962E-06 -0.86795999E-06
  0.42500000E+01  0.64867883E-06 -0.86551448E-06
  0.42600000E+01  0.66673509E-06 -0.86295592E-06
  0.42700000E+01  0.68423507E-06 -0.86029591E-06
  0.42800000E+01  0.70121067E-06 -0.85754435E-06
  0.42900000E+01  0.71768963E-06 -0.85470981E-06
  0.43000000E+01  0.73369615E-06 -0.85179982E-06
  0.43100000E+01  0.74925139E-06 -0.84882106E-06
  0.43200000E+01  0.76437400E-06 -0.84577954E-06
  0.43300000E+01  0.77908056E-06 -0.84268067E-06
  0.43400000E+01  0.79338599E-06 -0.83952937E-06
  0.43500000E+01  0.80730388E-06 -0.83633012E-06
  0.43600000E+01  0.82084676E-06 -0.83308700E-06
  0.43700000E+01  0.83402635E-06 -0.82980378E-06
  0.43800000E+01  0.84685377E-06 -0.82648387E-06
  0.43900000E+01  0.85933963E-06 -0.82313046E-06
  0.44000000E+01  0.87149418E-06 -0.81974644E-06
  0.44100000E+01  0.88332737E-06 -0.81633451E-06
  0.44200000E+01  0.89484890E-06 -0.81289713E-06
  0.44300000E+01  0.90606827E-06 -0.80943661E-06
  0.44400000E+01  0.91699475E-06 -0.80595505E-06
  0.44500000E+01  0.92763741E-06 -0.80245443E-06
  0.44600000E+01  0.93800513E-06 -0.79893658E-06
  0.44700000E+01  0.94810656E-06 -0.79540319E-06
  0.44800000E+01  0.95795015E-06 -0.79185586E-06
  0.44900000E+01  0.96754406E-06 -0.78829605E-06
  0.45000000E+01  0.97689626E-06 -0.78472515E-06
  0.45100000E+01  0.98601442E-06 -0.78114445E-06
  0.45200000E+01  0.99490596E-06 -0.77755515E-06
  0.45300000E+01  0.10035780E-05 -0.77395839E-06
  0.45400000E+01  0.10120375E-05 -0.77035521E-06
  0.45500000E+01  0.10202911E-05 -0.76674663E-06
  0.45600000E+01  0.10283450E-05 -0.76313356E-06
  0.45700000E+01  0.10362055E-05 -0.75951689E-06
  0.45800000E+01  0.10438783E-05 -0.75589744E-06
  0.45900000E+01  0.10513690E-05 -0.75227599E-06
  0.46000000E+01  0.10586831E-05 -0.74865325E-06
  0.46100000E+01  0.10658258E-05 -0.74502992E-06
  0.46200000E+01  0.10728019E-05 -0.74140664E-06
  0.46300000E+01  0.10796163E-05 -0.73778402E-06
  0.46400000E+01  0.10862735E-05 -0.73416263E-06
  0.46500000E+01  0.10927780E-05 -0.73054300E-06
  0.46600000E+01  0.10991339E-05 -0.72692565E-06
  0.46700000E+01  0.11053455E-05 -0.72331105E-06
  0.46800000E+01  0.11114166E-05 -0.71969965E-06
  0.46900000E+01  0.11173511E-05 -0.71609187E-06
  0.47000000E+01  0.11231527E-05 -0.71248810E-06
  0.47100000E+01  0.11288250E-05 -0.70888873E-06
  0.47200000E+01  0.11343713E-05 -0.70529410E-06
  0.47300000E+01  0.11397952E-05 -0.70170453E-06
  0.47400000E+01  0.11450998E-05 -0.69812035E-06
  0.47500000E+01  0.11502884E-05 -0.69454184E-06
  0.47600000E+01  0.11553640E-05 -0.69096926E-06
  0.47700000E+01  0.11603297E-05 -0.68740288E-06
  0.47800000E+01  0.11651883E-05 -0.68384292E-06
  0.47900000E+01  0.11699427E-05 -0.68028962E-06
  0.48000000E+01  0.11745956E-05 -0.67674316E-06
  0.48100000E+01  0.11791498E-05 -0.67320375E-06
  0.48200000E+01  0.11836079E-05 -0.66967156E-06
  0.48300000E+01  0.11879724E-05 -0.66614675E-06
  0.48400000E+01  0.11922458E-05 -0.66262948E-06
  0.48500000E+01  0.11964304E-05 -0.65911988E-06
  0.48600000E+01  0.12005288E-05 -0.65561809E-06
  0.48700000E+01  0.12045430E-05 -0.65212421E-06
  0.48800000E+01  0.12084754E-05 -0.64863836E-06
  0.48900000E+01  0.12123281E-05 -0.64516064E-06
  0.49000000E+01  0.12161031E-05 -0.64169113E-06
  0.49100000E+01  0.12198025E-05 -0.63822991E-06
  0.49200000E+01  0.12234282E-05 -0.63477705E-06
  0.49300000E+01  0.12269822E-05 -0.63133262E-06
  0.49400000E+01  0.12304662E-05 -0.62789666E-06
  0.49500000E+01  0.12338821E-05 -0.62446924E-06
  0.49600000E+01  0.12372315E-05 -0.62105039E-06
  0.49700000E+01  0.12405161E-05 -0.61764014E-06
  0.49800000E+01  0.12437374E-05 -0.61423852E-06
  0.49900000E+01  0.12468971E-05 -0.61084557E-06
  0.50000000E+01  0.12499965E-05 -0.60746128E-06
  0.50100000E+01  0.12530371E-05 -0.60408568E-06
  0.50200000E+01  0.12560203E-05 -0.60071877E-06
  0.50300000E+01  0.12589473E-05 -0.59736055E-06
  0.50400000E+01  0.12618194E-05 -0.59401102E-06
  0.50500000E+01  0.12646378E-05 -0.59067017E-06
  0.50600000E+01  0.12674036E-05 -0.58733799E-06
  0.50700000E+01  0.12701180E-05 -0.58401446E-06
  0.50800000E+01  0.12727819E-05 -0.58069957E-06
  0.50900000E+01  0.12753963E-05 -0.57739328E-06
  0.51000000E+01  0.12779622E-05 -0.57409558E-06
  0.51100000E+01  0.12804805E-05 -0.57080644E-06
  0.51200000E+01  0.12829520E-05 -0.56752581E-06
  0.51300000E+01  0.12853774E-05 -0.56425366E-06
  0.51400000E+01  0.12877577E-05 -0.56098996E-06
  0.51500000E+01  0.12900933E-05 -0.55773466E-06
  0.51600000E+01  0.12923851E-05 -0.55448771E-06
  0.51700000E+01  0.12946337E-05 -0.55124908E-06
  0.51800000E+01  0.12968395E-05 -0.54801870E-06
  0.51900000E+01  0.12990031E-05 -0.54479652E-06
  0.52000000E+01  0.13011251E-05 -0.54158249E-06
  0.52100000E+01  0.13032059E-05 -0.53837656E-06
  0.52200000E+01  0.13052458E-05 -0.53517865E-06
  0.52300000E+01  0.13072453E-05 -0.53198872E-06
  0.52400000E+01  0.13092048E-05 -0.52880669E-06
  0.52500000E+01  0.13111244E-05 -0.52563250E-06
  0.52600000E+01  0.13130046E-05 -0.52246608E-06
  0.52700000E+01  0.13148454E-05 -0.51930737E-06
  0.52800000E+01  0.13166472E-05 -0.51615628E-06
  0.52900000E+01  0.13184100E-05 -0.51301276E-06
  0.53000000E+01  0.13201340E-05 -0.50987672E-06
  0.53100000E+01  0.13218194E-05 -0.50674808E-06
  0.53200000E+01  0.13234661E-05 -0.50362678E-06
  0.53300000E+01  0.13250742E-05 -0.50051273E-06
  0.53400000E+01  0.13266438E-05 -0.49740585E-06
  0.53500000E+01  0.13281747E-05 -0.49430607E-06
  0.53600000E+01  0.13296670E-05 -0.49121329E-06
  0.53700000E+01  0.13311206E-05 -0.48812745E-06
  0.53800000E+01  0.13325354E-05 -0.48504846E-06
  0.53900000E+01  0.13339112E-05 -0.48197623E-06
  0.54000000E+01  0.13352478E-05 -0.47891069E-06
  0.54100000E+01  0.13365452E-05 -0.47585175E-06
  0.54200000E+01  0.13378031E-05 -0.47279933E-06
  0.54300000E+01  0.13390212E-05 -0.46975335E-06
  0.54400000E+01  0.13401994E-05 -0.46671373E-06
  0.54500000E+01  0.13413372E-05 -0.46368039E-06
  0.54600000E+01  0.13424345E-05 -0.46065325E-06
  0.54700000E+01  0.13434910E-05 -0.45763223E-06
  0.54800000E+01  0.13445062E-05 -0.45461725E-06
  0.54900000E+01  0.13454798E-05 -0.45160826E-06
  0.55000000E+01  0.13464114E-05 -0.44860516E-06
  0.55100000E+01  0.13473007E-05 -0.44560790E-06
  0.55200000E+01  0.13481471E-05 -0.44261639E-06
  0.55300000E+01  0.13489504E-05 -0.43963059E-06
  0.55400000E+01  0.13497100E-05 -0.43665043E-06
  0.55500000E+01  0.13504254E-05 -0.43367585E-06
  0.55600000E+01  0.13510962E-05 -0.43070679E-06
  0.55700000E+01  0.13517219E-05 -0.42774320E-06
  0.55800000E+01  0.13523019E-05 -0.42478503E-06
  0.55900000E+01  0.13528358E-05 -0.42183224E-06
  0.56000000E+01  0.13533229E-05 -0.41888479E-06
  0.56100000E+01  0.13537628E-05 -0.41594264E-06
  0.56200000E+01  0.13541548E-05 -0.41300576E-06
  0.56300000E+01  0.13544984E-05 -0.41007412E-06
  0.56400000E+01  0.13547931E-05 -0.40714770E-06
  0.56500000E+01  0.13550381E-05 -0.40422647E-06
  0.56600000E+01  0.13552329E-05 -0.40131044E-06
  0.56700000E+01  0.13553769E-05 -0.39839959E-06
  0.56800000E+01  0.13554694E-05 -0.39549391E-06
  0.56900000E+01  0.13555098E-05 -0.39259341E-06
  0.57000000E+01  0.13554975E-05 -0.38969810E-06
  0.57100000E+01  0.13554319E-05 -0.38680798E-06
  0.57200000E+01  0.13553121E-05 -0.38392308E-06
  0.57300000E+01  0.13551377E-05 -0.38104343E-06
  0.57400000E+01  0.13549080E-05 -0.37816905E-06
  0.57500000E+01  0.13546221E-05 -0.37529997E-06
  0.57600000E+01  0.13542796E-05 -0.37243624E-06
  0.57700000E+01  0.13538797E-05 -0.36957790E-06
  0.57800000E+01  0.13534217E-05 -0.36672500E-06
  0.57900000E+01  0.13529050E-05 -0.36387761E-06
  0.58000000E+01  0.13523289E-05 -0.36103578E-06
  0.58100000E+01  0.13516926E-05 -0.35819959E-06
  0.58200000E+01  0.13509955E-05 -0.35536910E-06
  0.58300000E+01  0.13502370E-05 -0.35254439E-06
  0.58400000E+01  0.13494163E-05 -0.34972556E-06
  0.58500000E+01  0.13485327E-05 -0.34691268E-06
  0.58600000E+01  0.13475855E-05 -0.34410586E-06
  0.58700000E+01  0.13465742E-05 -0.34130519E-06
  0.58800000E+01  0.13454980E-05 -0.33851078E-06
  0.58900000E+01  0.13443562E-05 -0.33572274E-06
  0.59000000E+01  0.13431481E-05 -0.33294118E-06
  0.59100000E+01  0.13418732E-05 -0.33016623E-06
  0.59200000E+01  0.13405307E-05 -0.32739799E-06
  0.59300000E+01  0.13391200E-05 -0.32463661E-06
  0.59400000E+01  0.13376405E-05 -0.32188222E-06
  0.59500000E+01  0.13360914E-05 -0.31913495E-06
  0.59600000E+01  0.13344723E-05 -0.31639495E-06
  0.59700000E+01  0.13327824E-05 -0.31366235E-06
  0.59800000E+01  0.13310211E-05 -0.31093731E-06
  0.59900000E+01  0.13291878E-05 -0.30821998E-06
  0.60000000E+01  0.13272820E-05 -0.30551052E-06
  0.60100000E+01  0.13253031E-05 -0.30280909E-06
  0.60200000E+01  0.13232504E-05 -0.30011584E-06
  0.60300000E+01  0.13211235E-05 -0.29743095E-06
  0.60400000E+01  0.13189217E-05 -0.29475459E-06
  0.60500000E+01  0.13166446E-05 -0.29208692E-06
  0.60600000E+01  0.13142915E-05 -0.28942812E-06
  0.60700000E+01  0.13118621E-05 -0.28677837E-06
  0.60800000E+01  0.13093558E-05 -0.28413785E-06
  0.60900000E+01  0.13067721E-05 -0.28150674E-06
  0.61000000E+01  0.13041106E-05 -0.27888522E-06
  0.61100000E+01  0.13013709E-05 -0.27627347E-06
  0.61200000E+01  0.12985524E-05 -0.27367169E-06
  0.61300000E+01  0.12956549E-05 -0.27108007E-06
  0.61400000E+01  0.12926778E-05 -0.26849878E-06
  0.61500000E+01  0.12896208E-05 -0.26592803E-06
  0.61600000E+01  0.12864837E-05 -0.26336800E-06
  0.61700000E+01  0.12832660E-05 -0.26081889E-06
  0.61800000E+01  0.12799674E-05 -0.25828088E-06
  0.61900000E+01  0.12765876E-05 -0.25575417E-06
  0.62000000E+01  0.12731264E-05 -0.25323896E-06
  0.62100000E+01  0.12695836E-05 -0.25073542E-06
  0.62200000E+01  0.12659588E-05 -0.24824377E-06
  0.62300000E+01  0.12622520E-05 -0.24576418E-06
  0.62400000E+01  0.12584629E-05 -0.24329685E-06
  0.62500000E+01  0.12545913E-05 -0.24084197E-06
  0.62600000E+01  0.12506372E-05 -0.23839973E-06
  0.62700000E+01  0.12466005E-05 -0.23597032E-06
  0.62800000E+01  0.12424810E-05 -0.23355393E-06
  0.62900000E+01  0.12382788E-05 -0.23115074E-06
  0.63000000E+01  0.12339938E-05 -0.22876093E-06
  0.63100000E+01  0.12296260E-05 -0.22638470E-06
  0.63200000E+01  0.12251754E-05 -0.22402223E-06
  0.63300000E+01  0.12206422E-05 -0.22167369E-06
  0.63400000E+01  0.12160264E-05 -0.21933927E-06
  0.63500000E+01  0.12113281E-05 -0.21701915E-06
  0.63600000E+01  0.12065474E-05 -0.21471352E-06
  0.63700000E+01  0.12016847E-05 -0.21242253E-06
  0.63800000E+01  0.11967400E-05 -0.21014638E-06
  0.63900000E+01  0.11917137E-05 -0.20788524E-06
  0.64000000E+01  0.11866060E-05 -0.20563928E-06
  0.64100000E+01  0.11814171E-05 -0.20340868E-06
  0.64200000E+01  0.11761475E-05 -0.20119361E-06
  0.64300000E+01  0.11707975E-05 -0.19899425E-06
  0.64400000E+01  0.11653676E-05 -0.19681077E-06
  0.64500000E+01  0.11598581E-05 -0.19464335E-06
  0.64600000E+01  0.11542695E-05 -0.19249215E-06
  0.64700000E+01  0.11486023E-05 -0.19035735E-06
  0.64800000E+01  0.11428571E-05 -0.18823914E-06
  0.64900000E+01  0.11370343E-05 -0.18613767E-06
  0.65000000E+01  0.11311347E-05 -0.18405313E-06
  0.65100000E+01  0.11251589E-05 -0.18198570E-06
  0.65200000E+01  0.11191075E-05 -0.17993556E-06
  0.65300000E+01  0.11129812E-05 -0.17790288E-06
  0.65400000E+01  0.11067807E-05 -0.17588785E-06
  0.65500000E+01  0.11005068E-05 -0.17389065E-06
  0.65600000E+01  0.10941604E-05 -0.17191147E-06
  0.65700000E+01  0.10877422E-05 -0.16995050E-06
  0.65800000E+01  0.10812531E-05 -0.16800793E-06
  0.65900000E+01  0.10746941E-05 -0.16608395E-06
  0.66000000E+01  0.10680659E-05 -0.16417876E-06
  0.66100000E+01  0.10613697E-05 -0.16229256E-06
  0.66200000E+01  0.10546064E-05 -0.16042556E-06
  0.66300000E+01  0.10477770E-05 -0.15857795E-06
  0.66400000E+01  0.10408825E-05 -0.15674995E-06
  0.66500000E+01  0.10339242E-05 -0.15494177E-06
  0.66600000E+01  0.10269031E-05 -0.15315363E-06
  0.66700000E+01  0.10198203E-05 -0.15138575E-06
  0.66800000E+01  0.10126770E-05 -0.14963835E-06
  0.66900000E+01  0.10054745E-05 -0.14791166E-06
  0.67000000E+01  0.99821404E-06 -0.14620591E-06
  0.67100000E+01  0.99089678E-06 -0.14452134E-06
  0.67200000E+01  0.98352409E-06 -0.14285819E-06
  0.67300000E+01  0.97609728E-06 -0.14121670E-06
  0.67400000E+01  0.96861770E-06 -0.13959712E-06
  0.67500000E+01  0.96108675E-06 -0.13799971E-06
  0.67600000E+01  0.95350581E-06 -0.13642471E-06
  0.67700000E+01  0.94587633E-06 -0.13487239E-06
  0.67800000E+01  0.93819975E-06 -0.13334300E-06
  0.67900000E+01  0.93047755E-06 -0.13183683E-06
  0.68000000E+01  0.92271124E-06 -0.13035413E-06
  0.68100000E+01  0.91490234E-06 -0.12889519E-06
  0.68200000E+01  0.90705239E-06 -0.12746027E-06
  0.68300000E+01  0.89916295E-06 -0.12604967E-06
  0.68400000E+01  0.89123561E-06 -0.12466366E-06
  0.68500000E+01  0.88327197E-06 -0.12330252E-06
  0.68600000E+01  0.87527364E-06 -0.12196656E-06
  0.68700000E+01  0.86724227E-06 -0.12065605E-06
  0.68800000E+01  0.85917949E-06 -0.11937130E-06
  0.68900000E+01  0.85108698E-06 -0.11811259E-06
  0.69000000E+01  0.84296640E-06 -0.11688022E-06
  0.69100000E+01  0.83481945E-06 -0.11567450E-06
  0.69200000E+01  0.82664783E-06 -0.11449571E-06
  0.69300000E+01  0.81845324E-06 -0.11334416E-06
  0.69400000E+01  0.81023739E-06 -0.11222014E-06
  0.69500000E+01  0.80200201E-06 -0.11112396E-06
  0.69600000E+01  0.79374882E-06 -0.11005591E-06
  0.69700000E+01  0.78547956E-06 -0.10901629E-06
  0.69800000E+01  0.77719595E-06 -0.10800539E-06
  0.69900000E+01  0.76889973E-06 -0.10702351E-06
  0.70000000E+01  0.76059263E-06 -0.10607094E-06
