  0.50000000E-01  0.26803613E-05 -0.24386049E-05
  0.60000000E-01  0.26845923E-05 -0.25406961E-05
  0.70000000E-01  0.26895877E-05 -0.26421819E-05
  0.80000000E-01  0.26953453E-05 -0.27430470E-05
  0.90000000E-01  0.27018622E-05 -0.28432771E-05
  0.10000000E+00  0.27091354E-05 -0.29428581E-05
  0.11000000E+00  0.27171615E-05 -0.30417765E-05
  0.12000000E+00  0.27259367E-05 -0.31400192E-05
  0.13000000E+00  0.27354570E-05 -0.32375734E-05
  0.14000000E+00  0.27457178E-05 -0.33344270E-05
  0.15000000E+00  0.27567148E-05 -0.34305680E-05
  0.16000000E+00  0.27684427E-05 -0.35259849E-05
  0.17000000E+00  0.27808963E-05 -0.36206666E-05
  0.18000000E+00  0.27940702E-05 -0.37146022E-05
  0.19000000E+00  0.28079584E-05 -0.38077810E-05
  0.20000000E+00  0.28225550E-05 -0.39001927E-05
  0.21000000E+00  0.28378538E-05 -0.39918271E-05
  0.22000000E+00  0.28538483E-05 -0.40826743E-05
  0.23000000E+00  0.28705319E-05 -0.41727246E-05
  0.24000000E+00  0.28878977E-05 -0.42619682E-05
  0.25000000E+00  0.29059388E-05 -0.43503955E-05
  0.26000000E+00  0.29246483E-05 -0.44379972E-05
  0.27000000E+00  0.29440186E-05 -0.45247636E-05
  0.28000000E+00  0.29640428E-05 -0.46106854E-05
  0.29000000E+00  0.29847135E-05 -0.46957531E-05
  0.30000000E+00  0.30060232E-05 -0.47799571E-05
  0.31000000E+00  0.30279647E-05 -0.48632877E-05
  0.32000000E+00  0.30505304E-05 -0.49457352E-05
  0.33000000E+00  0.30737131E-05 -0.50272898E-05
  0.34000000E+00  0.30975055E-05 -0.51079412E-05
  0.35000000E+00  0.31219002E-05 -0.51876793E-05
  0.36000000E+00  0.31468902E-05 -0.52664934E-05
  0.37000000E+00  0.31724685E-05 -0.53443727E-05
  0.38000000E+00  0.31986282E-05 -0.54213062E-05
  0.39000000E+00  0.32253624E-05 -0.54972823E-05
  0.40000000E+00  0.32526649E-05 -0.55722894E-05
  0.41000000E+00  0.32805289E-05 -0.56463152E-05
  0.42000000E+00  0.33089486E-05 -0.57193473E-05
  0.43000000E+00  0.33379179E-05 -0.57913725E-05
  0.44000000E+00  0.33674311E-05 -0.58623776E-05
  0.45000000E+00  0.33974829E-05 -0.59323486E-05
  0.46000000E+00  0.34280680E-05 -0.60012712E-05
  0.47000000E+00  0.34591814E-05 -0.60691304E-05
  0.48000000E+00  0.34908186E-05 -0.61359110E-05
  0.49000000E+00  0.35229751E-05 -0.62015970E-05
  0.50000000E+00  0.35556470E-05 -0.62661719E-05
  0.51000000E+00  0.35888301E-05 -0.63296187E-05
  0.52000000E+00  0.36225210E-05 -0.63919197E-05
  0.53000000E+00  0.36567166E-05 -0.64530569E-05
  0.54000000E+00  0.36914136E-05 -0.65130113E-05
  0.55000000E+00  0.37266093E-05 -0.65717636E-05
  0.56000000E+00  0.37623011E-05 -0.66292938E-05
  0.57000000E+00  0.37984868E-05 -0.66855812E-05
  0.58000000E+00  0.38351641E-05 -0.67406047E-05
  0.59000000E+00  0.38723312E-05 -0.67943423E-05
  0.60000000E+00  0.39099862E-05 -0.68467716E-05
  0.61000000E+00  0.39481277E-05 -0.68978694E-05
  0.62000000E+00  0.39867540E-05 -0.69476120E-05
  0.63000000E+00  0.40258638E-05 -0.69959751E-05
  0.64000000E+00  0.40654560E-05 -0.70429337E-05
  0.65000000E+00  0.41055291E-05 -0.70884621E-05
  0.66000000E+00  0.41460822E-05 -0.71325342E-05
  0.67000000E+00  0.41871140E-05 -0.71751232E-05
  0.68000000E+00  0.42286233E-05 -0.72162017E-05
  0.69000000E+00  0.42706089E-05 -0.72557417E-05
  0.70000000E+00  0.43130697E-05 -0.72937148E-05
  0.71000000E+00  0.43560041E-05 -0.73300917E-05
  0.72000000E+00  0.43994109E-05 -0.73648428E-05
  0.73000000E+00  0.44432883E-05 -0.73979379E-05
  0.74000000E+00  0.44876348E-05 -0.74293464E-05
  0.75000000E+00  0.45324482E-05 -0.74590369E-05
  0.76000000E+00  0.45777267E-05 -0.74869777E-05
  0.77000000E+00  0.46234678E-05 -0.75131367E-05
  0.78000000E+00  0.46696691E-05 -0.75374810E-05
  0.79000000E+00  0.47163276E-05 -0.75599776E-05
  0.80000000E+00  0.47634406E-05 -0.75805929E-05
  0.81000000E+00  0.48110045E-05 -0.75992929E-05
  0.82000000E+00  0.48590162E-05 -0.76160431E-05
  0.83000000E+00  0.49074714E-05 -0.76308087E-05
  0.84000000E+00  0.49563662E-05 -0.76435545E-05
  0.85000000E+00  0.50056961E-05 -0.76542450E-05
  0.86000000E+00  0.50554565E-05 -0.76628441E-05
  0.87000000E+00  0.51056422E-05 -0.76693157E-05
  0.88000000E+00  0.51562482E-05 -0.76736231E-05
  0.89000000E+00  0.52072687E-05 -0.76757294E-05
  0.90000000E+00  0.52586977E-05 -0.76755973E-05
  0.91000000E+00  0.53105292E-05 -0.76731894E-05
  0.92000000E+00  0.53627566E-05 -0.76684677E-05
  0.93000000E+00  0.54153731E-05 -0.76613941E-05
  0.94000000E+00  0.54683718E-05 -0.76519302E-05
  0.95000000E+00  0.55217450E-05 -0.76400373E-05
  0.96000000E+00  0.55754854E-05 -0.76256764E-05
  0.97000000E+00  0.56295848E-05 -0.76088083E-05
  0.98000000E+00  0.56840354E-05 -0.75893933E-05
  0.99000000E+00  0.57388283E-05 -0.75673917E-05
  0.10000000E+01  0.57939550E-05 -0.75427633E-05
  0.10100000E+01  0.58494063E-05 -0.75154676E-05
  0.10200000E+01  0.59051731E-05 -0.74854639E-05
  0.10300000E+01  0.59612457E-05 -0.74527110E-05
  0.10400000E+01  0.60176140E-05 -0.74171676E-05
  0.10500000E+01  0.60742682E-05 -0.73787918E-05
  0.10600000E+01  0.61311976E-05 -0.73375413E-05
  0.10700000E+01  0.61883915E-05 -0.72933737E-05
  0.10800000E+01  0.62458387E-05 -0.72462459E-05
  0.10900000E+01  0.63035279E-05 -0.71961144E-05
  0.11000000E+01  0.63614471E-05 -0.71429352E-05
  0.11100000E+01  0.64195844E-05 -0.70866640E-05
  0.11200000E+01  0.64779272E-05 -0.70272556E-05
  0.11300000E+01  0.65364628E-05 -0.69646645E-05
  0.11400000E+01  0.65951779E-05 -0.68988446E-05
  0.11500000E+01  0.66540587E-05 -0.68297490E-05
  0.11600000E+01  0.67130912E-05 -0.67573303E-05
  0.11700000E+01  0.67722612E-05 -0.66815403E-05
  0.11800000E+01  0.68315535E-05 -0.66023302E-05
  0.11900000E+01  0.68909530E-05 -0.65196501E-05
  0.12000000E+01  0.69504438E-05 -0.64334498E-05
  0.12100000E+01  0.70100097E-05 -0.63436779E-05
  0.12200000E+01  0.70696342E-05 -0.62502823E-05
  0.12300000E+01  0.71293001E-05 -0.61532100E-05
  0.12400000E+01  0.71889898E-05 -0.60524071E-05
  0.12500000E+01  0.72486855E-05 -0.59478187E-05
  0.12600000E+01  0.73083687E-05 -0.58393892E-05
  0.12700000E+01  0.73680208E-05 -0.57270617E-05
  0.12800000E+01  0.74276223E-05 -0.56107788E-05
  0.12900000E+01  0.74871536E-05 -0.54904817E-05
  0.13000000E+01  0.75465949E-05 -0.53661109E-05
  0.13100000E+01  0.76059257E-05 -0.52376059E-05
  0.13200000E+01  0.76651253E-05 -0.51049053E-05
  0.13300000E+01  0.77241728E-05 -0.49679467E-05
  0.13400000E+01  0.77830470E-05 -0.48266670E-05
  0.13500000E+01  0.78417261E-05 -0.46810022E-05
  0.13600000E+01  0.79001883E-05 -0.45308873E-05
  0.13700000E+01  0.79584118E-05 -0.43762569E-05
  0.13800000E+01  0.80163739E-05 -0.42170447E-05
  0.13900000E+01  0.80740526E-05 -0.40531839E-05
  0.14000000E+01  0.81314252E-05 -0.38846071E-05
  0.14100000E+01  0.81884686E-05 -0.37112464E-05
  0.14200000E+01  0.82451602E-05 -0.35330337E-05
  0.14300000E+01  0.83014769E-05 -0.33499005E-05
  0.14400000E+01  0.83573953E-05 -0.31617783E-05
  0.14500000E+01  0.84128925E-05 -0.29685984E-05
  0.14600000E+01  0.84679448E-05 -0.27702923E-05
  0.14700000E+01  0.85225288E-05 -0.25667917E-05
  0.14800000E+01  0.85766209E-05 -0.23580284E-05
  0.14900000E+01  0.86301970E-05 -0.21439351E-05
  0.15000000E+01  0.86832335E-05 -0.19244449E-05
  0.15100000E+01  0.87357059E-05 -0.16994915E-05
  0.15200000E+01  0.87875901E-05 -0.14690097E-05
  0.15300000E+01  0.88388613E-05 -0.12329354E-05
  0.15400000E+01  0.88894948E-05 -0.99120543E-06
  0.15500000E+01  0.89394653E-05 -0.74375814E-06
  0.15600000E+01  0.89887472E-05 -0.49053327E-06
  0.15700000E+01  0.90373148E-05 -0.23147217E-06
  0.15800000E+01  0.90851414E-05  0.33482101E-07
  0.15900000E+01  0.91322005E-05  0.30438464E-06
  0.16000000E+01  0.91784645E-05  0.58128859E-06
  0.16100000E+01  0.92239057E-05  0.86424506E-06
  0.16200000E+01  0.92684952E-05  0.11533030E-05
  0.16300000E+01  0.93122040E-05  0.14485091E-05
  0.16400000E+01  0.93550022E-05  0.17499079E-05
  0.16500000E+01  0.93968589E-05  0.20575414E-05
  0.16600000E+01  0.94377429E-05  0.23714495E-05
  0.16700000E+01  0.94776217E-05  0.26916694E-05
  0.16800000E+01  0.95164619E-05  0.30182361E-05
  0.16900000E+01  0.95542297E-05  0.33511822E-05
  0.17000000E+01  0.95908901E-05  0.36905380E-05
  0.17100000E+01  0.96264070E-05  0.40363314E-05
  0.17200000E+01  0.96607433E-05  0.43885883E-05
  0.17300000E+01  0.96938615E-05  0.47473322E-05
  0.17400000E+01  0.97257225E-05  0.51125849E-05
  0.17500000E+01  0.97562865E-05  0.54843662E-05
  0.17600000E+01  0.97855127E-05  0.58626940E-05
  0.17700000E+01  0.98133596E-05  0.62475851E-05
  0.17800000E+01  0.98397840E-05  0.66390545E-05
  0.17900000E+01  0.98647429E-05  0.70371163E-05
  0.18000000E+01  0.98881917E-05  0.74417835E-05
  0.18100000E+01  0.99100849E-05  0.78530684E-05
  0.18200000E+01  0.99303768E-05  0.82709830E-05
  0.18300000E+01  0.99490203E-05  0.86955388E-05
  0.18400000E+01  0.99659682E-05  0.91267475E-05
  0.18500000E+01  0.99811721E-05  0.95646210E-05
  0.18600000E+01  0.99945833E-05  0.10009172E-04
  0.18700000E+01  0.10006153E-04  0.10460413E-04
  0.18800000E+01  0.10015830E-04  0.10918358E-04
  0.18900000E+01  0.10023567E-04  0.11383024E-04
  0.19000000E+01  0.10029311E-04  0.11854427E-04
  0.19100000E+01  0.10033012E-04  0.12332586E-04
  0.19200000E+01  0.10034619E-04  0.12817522E-04
  0.19300000E+01  0.10034081E-04  0.13309258E-04
  0.19400000E+01  0.10031347E-04  0.13807818E-04
  0.19500000E+01  0.10026365E-04  0.14313230E-04
  0.19600000E+01  0.10019084E-04  0.14825525E-04
  0.19700000E+01  0.10009452E-04  0.15344735E-04
  0.19800000E+01  0.99974170E-05  0.15870895E-04
  0.19900000E+01  0.99829284E-05  0.16404044E-04
  0.20000000E+01  0.99659343E-05  0.16944222E-04
  0.20100000E+01  0.99463827E-05  0.17491472E-04
  0.20200000E+01  0.99242225E-05  0.18045840E-04
  0.20300000E+01  0.98994020E-05  0.18607373E-04
  0.20400000E+01  0.98718690E-05  0.19176121E-04
  0.20500000E+01  0.98415719E-05  0.19752135E-04
  0.20600000E+01  0.98084585E-05  0.20335467E-04
  0.20700000E+01  0.97724761E-05  0.20926171E-04
  0.20800000E+01  0.97335723E-05  0.21524300E-04
  0.20900000E+01  0.96916935E-05  0.22129908E-04
  0.21000000E+01  0.96467861E-05  0.22743048E-04
  0.21100000E+01  0.95987958E-05  0.23363771E-04
  0.21200000E+01  0.95476673E-05  0.23992126E-04
  0.21300000E+01  0.94933444E-05  0.24628160E-04
  0.21400000E+01  0.94357704E-05  0.25271914E-04
  0.21500000E+01  0.93748874E-05  0.25923428E-04
  0.21600000E+01  0.93106364E-05  0.26582733E-04
  0.21700000E+01  0.92429567E-05  0.27249855E-04
  0.21800000E+01  0.91717871E-05  0.27924813E-04
  0.21900000E+01  0.90970648E-05  0.28607615E-04
  0.22000000E+01  0.90187254E-05  0.29298262E-04
  0.22100000E+01  0.89367037E-05  0.29996743E-04
  0.22200000E+01  0.88509323E-05  0.30703033E-04
  0.22300000E+01  0.87613432E-05  0.31417097E-04
  0.22400000E+01  0.86678666E-05  0.32138883E-04
  0.22500000E+01  0.85704319E-05  0.32868326E-04
  0.22600000E+01  0.84689668E-05  0.33605342E-04
  0.22700000E+01  0.83633984E-05  0.34349829E-04
  0.22800000E+01  0.82536530E-05  0.35101669E-04
  0.22900000E+01  0.81396557E-05  0.35860720E-04
  0.23000000E+01  0.80213313E-05  0.36626823E-04
  0.23100000E+01  0.78986041E-05  0.37399794E-04
  0.23200000E+01  0.77713986E-05  0.38179429E-04
  0.23300000E+01  0.76396390E-05  0.38965499E-04
  0.23400000E+01  0.75032495E-05  0.39757752E-04
  0.23500000E+01  0.73621554E-05  0.40555911E-04
  0.23600000E+01  0.72162820E-05  0.41359674E-04
  0.23700000E+01  0.70655561E-05  0.42168717E-04
  0.23800000E+01  0.69099047E-05  0.42982687E-04
  0.23900000E+01  0.67492565E-05  0.43801209E-04
  0.24000000E+01  0.65835418E-05  0.44623884E-04
  0.24100000E+01  0.64126915E-05  0.45450287E-04
  0.24200000E+01  0.62366387E-05  0.46279971E-04
  0.24300000E+01  0.60553173E-05  0.47112468E-04
  0.24400000E+01  0.58686632E-05  0.47947285E-04
  0.24500000E+01  0.56766139E-05  0.48783913E-04
  0.24600000E+01  0.54791076E-05  0.49621822E-04
  0.24700000E+01  0.52760852E-05  0.50460465E-04
  0.24800000E+01  0.50674869E-05  0.51299279E-04
  0.24900000E+01  0.48532557E-05  0.52137688E-04
  0.25000000E+01  0.46333352E-05  0.52975103E-04
  0.25100000E+01  0.44076699E-05  0.53810927E-04
  0.25200000E+01  0.41762050E-05  0.54644553E-04
  0.25300000E+01  0.39388869E-05  0.55475369E-04
  0.25400000E+01  0.36956627E-05  0.56302757E-04
  0.25500000E+01  0.34464802E-05  0.57126101E-04
  0.25600000E+01  0.31912886E-05  0.57944781E-04
  0.25700000E+01  0.29300382E-05  0.58758181E-04
  0.25800000E+01  0.26626805E-05  0.59565688E-04
  0.25900000E+01  0.23891686E-05  0.60366693E-04
  0.26000000E+01  0.21094585E-05  0.61160595E-04
  0.26100000E+01  0.18235082E-05  0.61946799E-04
  0.26200000E+01  0.15312790E-05  0.62724719E-04
  0.26300000E+01  0.12327361E-05  0.63493777E-04
  0.26400000E+01  0.92784853E-06  0.64253405E-04
  0.26500000E+01  0.61659105E-06  0.65003042E-04
  0.26600000E+01  0.29894341E-06  0.65742136E-04
  0.26700000E+01 -0.25107622E-07  0.66470145E-04
  0.26800000E+01 -0.35557021E-06  0.67186530E-04
  0.26900000E+01 -0.69244340E-06  0.67890759E-04
  0.27000000E+01 -0.10357202E-05  0.68582303E-04
  0.27100000E+01 -0.13853856E-05  0.69260634E-04
  0.27200000E+01 -0.17414163E-05  0.69925223E-04
  0.27300000E+01 -0.21037816E-05  0.70575537E-04
  0.27400000E+01 -0.24724447E-05  0.71211038E-04
  0.27500000E+01 -0.28473604E-05  0.71831177E-04
  0.27600000E+01 -0.32284782E-05  0.72435394E-04
  0.27700000E+01 -0.36157429E-05  0.73023113E-04
  0.27800000E+01 -0.40090936E-05  0.73593742E-04
  0.27900000E+01 -0.44084668E-05  0.74146666E-04
  0.28000000E+01 -0.48137974E-05  0.74681249E-04
  0.28100000E+01 -0.52250184E-05  0.75196827E-04
  0.28200000E+01 -0.56420628E-05  0.75692712E-04
  0.28300000E+01 -0.60648661E-05  0.76168185E-04
  0.28400000E+01 -0.64933639E-05  0.76622497E-04
  0.28500000E+01 -0.69274961E-05  0.77054869E-04
  0.28600000E+01 -0.73672048E-05  0.77464491E-04
  0.28700000E+01 -0.78124362E-05  0.77850524E-04
  0.28800000E+01 -0.82631398E-05  0.78212098E-04
  0.28900000E+01 -0.87192682E-05  0.78548317E-04
  0.29000000E+01 -0.91807762E-05  0.78858259E-04
  0.29100000E+01 -0.96476209E-05  0.79140979E-04
  0.29200000E+01 -0.10119760E-04  0.79395511E-04
  0.29300000E+01 -0.10597149E-04  0.79620874E-04
  0.29400000E+01 -0.11079742E-04  0.79816072E-04
  0.29500000E+01 -0.11567488E-04  0.79980101E-04
  0.29600000E+01 -0.12060331E-04  0.80111948E-04
  0.29700000E+01 -0.12558207E-04  0.80210598E-04
  0.29800000E+01 -0.13061042E-04  0.80275035E-04
  0.29900000E+01 -0.13568750E-04  0.80304245E-04
  0.30000000E+01 -0.14081234E-04  0.80297218E-04
  0.30100000E+01 -0.14598383E-04  0.80252946E-04
  0.30200000E+01 -0.15120067E-04  0.80170425E-04
  0.30300000E+01 -0.15646147E-04  0.80048654E-04
  0.30400000E+01 -0.16176463E-04  0.79886630E-04
  0.30500000E+01 -0.16710839E-04  0.79683346E-04
  0.30600000E+01 -0.17249084E-04  0.79437787E-04
  0.30700000E+01 -0.17790990E-04  0.79148918E-04
  0.30800000E+01 -0.18336332E-04  0.78815683E-04
  0.30900000E+01 -0.18884870E-04  0.78436992E-04
  0.31000000E+01 -0.19436347E-04  0.78011713E-04
  0.31100000E+01 -0.19990493E-04  0.77538664E-04
  0.31200000E+01 -0.20547017E-04  0.77016599E-04
  0.31300000E+01 -0.21105617E-04  0.76444202E-04
  0.31400000E+01 -0.21665969E-04  0.75820074E-04
  0.31500000E+01 -0.22227733E-04  0.75142728E-04
  0.31600000E+01 -0.22790549E-04  0.74410582E-04
  0.31700000E+01 -0.23354034E-04  0.73621955E-04
  0.31800000E+01 -0.23917783E-04  0.72775062E-04
  0.31900000E+01 -0.24481366E-04  0.71868023E-04
  0.32000000E+01 -0.25044327E-04  0.70898862E-04
  0.32100000E+01 -0.25606180E-04  0.69865519E-04
  0.32200000E+01 -0.26166411E-04  0.68765868E-04
  0.32300000E+01 -0.26724478E-04  0.67597730E-04
  0.32400000E+01 -0.27279810E-04  0.66358903E-04
  0.32500000E+01 -0.27831807E-04  0.65047189E-04
  0.32600000E+01 -0.28379846E-04  0.63660432E-04
  0.32700000E+01 -0.28923281E-04  0.62196551E-04
  0.32800000E+01 -0.29461448E-04  0.60653595E-04
  0.32900000E+01 -0.29993666E-04  0.59029782E-04
  0.33000000E+01 -0.30519248E-04  0.57323558E-04
  0.33100000E+01 -0.31037496E-04  0.55533647E-04
  0.33200000E+01 -0.31547715E-04  0.53659115E-04
  0.33300000E+01 -0.32049209E-04  0.51699423E-04
  0.33400000E+01 -0.32541287E-04  0.49654489E-04
  0.33500000E+01 -0.33023264E-04  0.47524745E-04
  0.33600000E+01 -0.33494463E-04  0.45311194E-04
  0.33700000E+01 -0.33954209E-04  0.43015462E-04
  0.33800000E+01 -0.34401835E-04  0.40639847E-04
  0.33900000E+01 -0.34836669E-04  0.38187360E-04
  0.34000000E+01 -0.35258037E-04  0.35661759E-04
  0.34100000E+01 -0.35665254E-04  0.33067571E-04
  0.34200000E+01 -0.36057618E-04  0.30410097E-04
  0.34300000E+01 -0.36434406E-04  0.27695409E-04
  0.34400000E+01 -0.36794865E-04  0.24930312E-04
  0.34500000E+01 -0.37138209E-04  0.22122294E-04
  0.34600000E+01 -0.37463614E-04  0.19279431E-04
  0.34700000E+01 -0.37770216E-04  0.16410270E-04
  0.34800000E+01 -0.38057108E-04  0.13523654E-04
  0.34900000E+01 -0.38323346E-04  0.10628521E-04
  0.35000000E+01 -0.38567950E-04  0.77336422E-05
  0.35100000E+01 -0.38789909E-04  0.48473224E-05
  0.35200000E+01 -0.38988195E-04  0.19770578E-05
  0.35300000E+01 -0.39161774E-04 -0.87083582E-06
  0.35400000E+01 -0.39309615E-04 -0.36916089E-05
  0.35500000E+01 -0.39430716E-04 -0.64824584E-05
  0.35600000E+01 -0.39524106E-04 -0.92428717E-05
  0.35700000E+01 -0.39588874E-04 -0.11974904E-04
  0.35800000E+01 -0.39624171E-04 -0.14683353E-04
  0.35900000E+01 -0.39629222E-04 -0.17375785E-04
  0.36000000E+01 -0.39603330E-04 -0.20062396E-04
  0.36100000E+01 -0.39545870E-04 -0.22755650E-04
  0.36200000E+01 -0.39456276E-04 -0.25469705E-04
  0.36300000E+01 -0.39334017E-04 -0.28219594E-04
  0.36400000E+01 -0.39178569E-04 -0.31020199E-04
  0.36500000E+01 -0.38989379E-04 -0.33885027E-04
  0.36600000E+01 -0.38765810E-04 -0.36824864E-04
  0.36700000E+01 -0.38507102E-04 -0.39846367E-04
  0.36800000E+01 -0.38212311E-04 -0.42950692E-04
  0.36900000E+01 -0.37880260E-04 -0.46132269E-04
  0.37000000E+01 -0.37509484E-04 -0.49377809E-04
  0.37100000E+01 -0.37098173E-04 -0.52665680E-04
  0.37200000E+01 -0.36644132E-04 -0.55965700E-04
  0.37300000E+01 -0.36144728E-04 -0.59239447E-04
  0.37400000E+01 -0.35596852E-04 -0.62441097E-04
  0.37500000E+01 -0.34996899E-04 -0.65518791E-04
  0.37600000E+01 -0.34340761E-04 -0.68416495E-04
  0.37700000E+01 -0.33623870E-04 -0.71076286E-04
  0.37800000E+01 -0.32841292E-04 -0.73440939E-04
  0.37900000E+01 -0.31987922E-04 -0.75456734E-04
  0.38000000E+01 -0.31058779E-04 -0.77076311E-04
  0.38100000E+01 -0.30049456E-04 -0.78261415E-04
  0.38200000E+01 -0.28956708E-04 -0.78985287E-04
  0.38300000E+01 -0.27779136E-04 -0.79234335E-04
  0.38400000E+01 -0.26517926E-04 -0.79008597E-04
  0.38500000E+01 -0.25177463E-04 -0.78320428E-04
  0.38600000E+01 -0.23765675E-04 -0.77191016E-04
  0.38700000E+01 -0.22293925E-04 -0.75644876E-04
  0.38800000E+01 -0.20776340E-04 -0.73703436E-04
  0.38900000E+01 -0.19228579E-04 -0.71379978E-04
  0.39000000E+01 -0.17666199E-04 -0.68678909E-04
  0.39100000E+01 -0.16102857E-04 -0.65601852E-04
  0.39200000E+01 -0.14548640E-04 -0.62160937E-04
  0.39300000E+01 -0.13008646E-04 -0.58396239E-04
  0.39400000E+01 -0.11481748E-04 -0.54391024E-04
  0.39500000E+01 -0.99590359E-05 -0.50277170E-04
  0.39600000E+01 -0.84206793E-05 -0.46225361E-04
  0.39700000E+01 -0.68285055E-05 -0.42420010E-04
  0.39800000E+01 -0.51086236E-05 -0.39025410E-04
  0.39900000E+01 -0.31126007E-05 -0.36153956E-04
  0.40000000E+01 -0.53123722E-06 -0.33847201E-04
  0.40100000E+01  0.33200879E-05 -0.32075690E-04
  0.40200000E+01  0.10211617E-04 -0.30756381E-04
  0.40300000E+01  0.26681245E-04 -0.29780256E-04
  0.40400000E+01  0.11809104E-03 -0.29040280E-04
  0.40500000E+01 -0.11780652E-03 -0.28451557E-04
  0.40600000E+01 -0.51101130E-04 -0.27959999E-04
  0.40700000E+01 -0.36572344E-04 -0.27540510E-04
  0.40800000E+01 -0.30246110E-04 -0.27188684E-04
  0.40900000E+01 -0.26733837E-04 -0.26910667E-04
  0.41000000E+01 -0.24522524E-04 -0.26714653E-04
  0.41100000E+01 -0.23018955E-04 -0.26605602E-04
  0.41200000E+01 -0.21941040E-04 -0.26583144E-04
  0.41300000E+01 -0.21136355E-04 -0.26641754E-04
  0.41400000E+01 -0.20514815E-04 -0.26772086E-04
  0.41500000E+01 -0.20019665E-04 -0.26962591E-04
  0.41600000E+01 -0.19613501E-04 -0.27200929E-04
  0.41700000E+01 -0.19270888E-04 -0.27475000E-04
  0.41800000E+01 -0.18974169E-04 -0.27773592E-04
  0.41900000E+01 -0.18710927E-04 -0.28086738E-04
  0.42000000E+01 -0.18472352E-04 -0.28405870E-04
  0.42100000E+01 -0.18252169E-04 -0.28723853E-04
  0.42200000E+01 -0.18045892E-04 -0.29034938E-04
  0.42300000E+01 -0.17850307E-04 -0.29334673E-04
  0.42400000E+01 -0.17663103E-04 -0.29619784E-04
  0.42500000E+01 -0.17482611E-04 -0.29888048E-04
  0.42600000E+01 -0.17307615E-04 -0.30138147E-04
  0.42700000E+01 -0.17137219E-04 -0.30369534E-04
  0.42800000E+01 -0.16970755E-04 -0.30582288E-04
  0.42900000E+01 -0.16807708E-04 -0.30776989E-04
  0.43000000E+01 -0.16647678E-04 -0.30954592E-04
  0.43100000E+01 -0.16490340E-04 -0.31116323E-04
  0.43200000E+01 -0.16335429E-04 -0.31263576E-04
  0.43300000E+01 -0.16182717E-04 -0.31397840E-04
  0.43400000E+01 -0.16032010E-04 -0.31520622E-04
  0.43500000E+01 -0.15883134E-04 -0.31633400E-04
  0.43600000E+01 -0.15735934E-04 -0.31737577E-04
  0.43700000E+01 -0.15590271E-04 -0.31834453E-04
  0.43800000E+01 -0.15446018E-04 -0.31925203E-04
  0.43900000E+01 -0.15303058E-04 -0.32010869E-04
  0.44000000E+01 -0.15161285E-04 -0.32092353E-04
  0.44100000E+01 -0.15020602E-04 -0.32170420E-04
  0.44200000E+01 -0.14880919E-04 -0.32245705E-04
  0.44300000E+01 -0.14742154E-04 -0.32318721E-04
  0.44400000E+01 -0.14604232E-04 -0.32389870E-04
  0.44500000E+01 -0.14467083E-04 -0.32459459E-04
  0.44600000E+01 -0.14330644E-04 -0.32527707E-04
  0.44700000E+01 -0.14194856E-04 -0.32594765E-04
  0.44800000E+01 -0.14059666E-04 -0.32660722E-04
  0.44900000E+01 -0.13925025E-04 -0.32725620E-04
  0.45000000E+01 -0.13790887E-04 -0.32789464E-04
  0.45100000E+01 -0.13657212E-04 -0.32852229E-04
  0.45200000E+01 -0.13523962E-04 -0.32913871E-04
  0.45300000E+01 -0.13391103E-04 -0.32974331E-04
  0.45400000E+01 -0.13258603E-04 -0.33033541E-04
  0.45500000E+01 -0.13126434E-04 -0.33091430E-04
  0.45600000E+01 -0.12994570E-04 -0.33147924E-04
  0.45700000E+01 -0.12862988E-04 -0.33202954E-04
  0.45800000E+01 -0.12731667E-04 -0.33256453E-04
  0.45900000E+01 -0.12600587E-04 -0.33308359E-04
  0.46000000E+01 -0.12469732E-04 -0.33358617E-04
  0.46100000E+01 -0.12339086E-04 -0.33407178E-04
  0.46200000E+01 -0.12208637E-04 -0.33453999E-04
  0.46300000E+01 -0.12078371E-04 -0.33499045E-04
  0.46400000E+01 -0.11948279E-04 -0.33542284E-04
  0.46500000E+01 -0.11818352E-04 -0.33583693E-04
  0.46600000E+01 -0.11688583E-04 -0.33623253E-04
  0.46700000E+01 -0.11558963E-04 -0.33660949E-04
  0.46800000E+01 -0.11429489E-04 -0.33696770E-04
  0.46900000E+01 -0.11300156E-04 -0.33730709E-04
  0.47000000E+01 -0.11170960E-04 -0.33762761E-04
  0.47100000E+01 -0.11041897E-04 -0.33792925E-04
  0.47200000E+01 -0.10912968E-04 -0.33821200E-04
  0.47300000E+01 -0.10784169E-04 -0.33847587E-04
  0.47400000E+01 -0.10655501E-04 -0.33872087E-04
  0.47500000E+01 -0.10526963E-04 -0.33894704E-04
  0.47600000E+01 -0.10398555E-04 -0.33915441E-04
  0.47700000E+01 -0.10270279E-04 -0.33934299E-04
  0.47800000E+01 -0.10142135E-04 -0.33951281E-04
  0.47900000E+01 -0.10014126E-04 -0.33966391E-04
  0.48000000E+01 -0.98862523E-05 -0.33979628E-04
  0.48100000E+01 -0.97585165E-05 -0.33990995E-04
  0.48200000E+01 -0.96309205E-05 -0.34000492E-04
  0.48300000E+01 -0.95034664E-05 -0.34008117E-04
  0.48400000E+01 -0.93761568E-05 -0.34013871E-04
  0.48500000E+01 -0.92489943E-05 -0.34017751E-04
  0.48600000E+01 -0.91219808E-05 -0.34019753E-04
  0.48700000E+01 -0.89951188E-05 -0.34019876E-04
  0.48800000E+01 -0.88684111E-05 -0.34018114E-04
  0.48900000E+01 -0.87418594E-05 -0.34014462E-04
  0.49000000E+01 -0.86154664E-05 -0.34008916E-04
  0.49100000E+01 -0.84892340E-05 -0.34001469E-04
  0.49200000E+01 -0.83631643E-05 -0.33992115E-04
  0.49300000E+01 -0.82372590E-05 -0.33980847E-04
  0.49400000E+01 -0.81115200E-05 -0.33967658E-04
  0.49500000E+01 -0.79859489E-05 -0.33952540E-04
  0.49600000E+01 -0.78605473E-05 -0.33935487E-04
  0.49700000E+01 -0.77353164E-05 -0.33916491E-04
  0.49800000E+01 -0.76102578E-05 -0.33895544E-04
  0.49900000E+01 -0.74853723E-05 -0.33872637E-04
  0.50000000E+01 -0.73606609E-05 -0.33847764E-04
  0.50100000E+01 -0.72361247E-05 -0.33820918E-04
  0.50200000E+01 -0.71117647E-05 -0.33792090E-04
  0.50300000E+01 -0.69875817E-05 -0.33761273E-04
  0.50400000E+01 -0.68635763E-05 -0.33728460E-04
  0.50500000E+01 -0.67397495E-05 -0.33693645E-04
  0.50600000E+01 -0.66161015E-05 -0.33656820E-04
  0.50700000E+01 -0.64926340E-05 -0.33617980E-04
  0.50800000E+01 -0.63693473E-05 -0.33577118E-04
  0.50900000E+01 -0.62462421E-05 -0.33534229E-04
  0.51000000E+01 -0.61233202E-05 -0.33489307E-04
  0.51100000E+01 -0.60005825E-05 -0.33442347E-04
  0.51200000E+01 -0.58780300E-05 -0.33393345E-04
  0.51300000E+01 -0.57556648E-05 -0.33342295E-04
  0.51400000E+01 -0.56334885E-05 -0.33289194E-04
  0.51500000E+01 -0.55115030E-05 -0.33234037E-04
  0.51600000E+01 -0.53897105E-05 -0.33176822E-04
  0.51700000E+01 -0.52681141E-05 -0.33117544E-04
  0.51800000E+01 -0.51467164E-05 -0.33056201E-04
  0.51900000E+01 -0.50255209E-05 -0.32992791E-04
  0.52000000E+01 -0.49045311E-05 -0.32927310E-04
  0.52100000E+01 -0.47837509E-05 -0.32859757E-04
  0.52200000E+01 -0.46631851E-05 -0.32790130E-04
  0.52300000E+01 -0.45428384E-05 -0.32718427E-04
  0.52400000E+01 -0.44227159E-05 -0.32644647E-04
  0.52500000E+01 -0.43028241E-05 -0.32568788E-04
  0.52600000E+01 -0.41831684E-05 -0.32490851E-04
  0.52700000E+01 -0.40637557E-05 -0.32410833E-04
  0.52800000E+01 -0.39445935E-05 -0.32328736E-04
  0.52900000E+01 -0.38256889E-05 -0.32244558E-04
  0.53000000E+01 -0.37070502E-05 -0.32158299E-04
  0.53100000E+01 -0.35886862E-05 -0.32069960E-04
  0.53200000E+01 -0.34706050E-05 -0.31979541E-04
  0.53300000E+01 -0.33528169E-05 -0.31887043E-04
  0.53400000E+01 -0.32353314E-05 -0.31792466E-04
  0.53500000E+01 -0.31181584E-05 -0.31695811E-04
  0.53600000E+01 -0.30013092E-05 -0.31597079E-04
  0.53700000E+01 -0.28847939E-05 -0.31496272E-04
  0.53800000E+01 -0.27686246E-05 -0.31393390E-04
  0.53900000E+01 -0.26528126E-05 -0.31288436E-04
  0.54000000E+01 -0.25373695E-05 -0.31181410E-04
  0.54100000E+01 -0.24223078E-05 -0.31072315E-04
  0.54200000E+01 -0.23076398E-05 -0.30961154E-04
  0.54300000E+01 -0.21933780E-05 -0.30847927E-04
  0.54400000E+01 -0.20795347E-05 -0.30732637E-04
  0.54500000E+01 -0.19661236E-05 -0.30615287E-04
  0.54600000E+01 -0.18531567E-05 -0.30495880E-04
  0.54700000E+01 -0.17406473E-05 -0.30374418E-04
  0.54800000E+01 -0.16286079E-05 -0.30250903E-04
  0.54900000E+01 -0.15170519E-05 -0.30125340E-04
  0.55000000E+01 -0.14059918E-05 -0.29997731E-04
  0.55100000E+01 -0.12954399E-05 -0.29868080E-04
  0.55200000E+01 -0.11854091E-05 -0.29736390E-04
  0.55300000E+01 -0.10759115E-05 -0.29602666E-04
  0.55400000E+01 -0.96695930E-06 -0.29466910E-04
  0.55500000E+01 -0.85856385E-06 -0.29329128E-04
  0.55600000E+01 -0.75073697E-06 -0.29189323E-04
  0.55700000E+01 -0.64348961E-06 -0.29047501E-04
  0.55800000E+01 -0.53683263E-06 -0.28903664E-04
  0.55900000E+01 -0.43077613E-06 -0.28757820E-04
  0.56000000E+01 -0.32533009E-06 -0.28609972E-04
  0.56100000E+01 -0.22050437E-06 -0.28460126E-04
  0.56200000E+01 -0.11630754E-06 -0.28308288E-04
  0.56300000E+01 -0.12748161E-07 -0.28154464E-04
  0.56400000E+01  0.90165313E-07 -0.27998659E-04
  0.56500000E+01  0.19242566E-06 -0.27840880E-04
  0.56600000E+01  0.29402567E-06 -0.27681133E-04
  0.56700000E+01  0.39495896E-06 -0.27519426E-04
  0.56800000E+01  0.49521934E-06 -0.27355765E-04
  0.56900000E+01  0.59480152E-06 -0.27190159E-04
  0.57000000E+01  0.69370031E-06 -0.27022614E-04
  0.57100000E+01  0.79191142E-06 -0.26853139E-04
  0.57200000E+01  0.88943055E-06 -0.26681743E-04
  0.57300000E+01  0.98625437E-06 -0.26508434E-04
  0.57400000E+01  0.10823797E-05 -0.26333221E-04
  0.57500000E+01  0.11778041E-05 -0.26156114E-04
  0.57600000E+01  0.12725252E-05 -0.25977124E-04
  0.57700000E+01  0.13665413E-05 -0.25796260E-04
  0.57800000E+01  0.14598506E-05 -0.25613532E-04
  0.57900000E+01  0.15524521E-05 -0.25428954E-04
  0.58000000E+01  0.16443453E-05 -0.25242535E-04
  0.58100000E+01  0.17355292E-05 -0.25054289E-04
  0.58200000E+01  0.18260038E-05 -0.24864228E-04
  0.58300000E+01  0.19157690E-05 -0.24672365E-04
  0.58400000E+01  0.20048245E-05 -0.24478714E-04
  0.58500000E+01  0.20931708E-05 -0.24283289E-04
  0.58600000E+01  0.21808081E-05 -0.24086105E-04
  0.58700000E+01  0.22677366E-05 -0.23887177E-04
  0.58800000E+01  0.23539568E-05 -0.23686521E-04
  0.58900000E+01  0.24394692E-05 -0.23484154E-04
  0.59000000E+01  0.25242739E-05 -0.23280093E-04
  0.59100000E+01  0.26083712E-05 -0.23074356E-04
  0.59200000E+01  0.26917611E-05 -0.22866961E-04
  0.59300000E+01  0.27744438E-05 -0.22657927E-04
  0.59400000E+01  0.28564187E-05 -0.22447274E-04
  0.59500000E+01  0.29376857E-05 -0.22235023E-04
  0.59600000E+01  0.30182442E-05 -0.22021195E-04
  0.59700000E+01  0.30980929E-05 -0.21805811E-04
  0.59800000E+01  0.31772312E-05 -0.21588895E-04
  0.59900000E+01  0.32556572E-05 -0.21370470E-04
  0.60000000E+01  0.33333693E-05 -0.21150560E-04
  0.60100000E+01  0.34103651E-05 -0.20929190E-04
  0.60200000E+01  0.34866424E-05 -0.20706386E-04
  0.60300000E+01  0.35621985E-05 -0.20482175E-04
  0.60400000E+01  0.36370298E-05 -0.20256584E-04
  0.60500000E+01  0.37111333E-05 -0.20029641E-04
  0.60600000E+01  0.37845048E-05 -0.19801375E-04
  0.60700000E+01  0.38571401E-05 -0.19571816E-04
  0.60800000E+01  0.39290349E-05 -0.19340996E-04
  0.60900000E+01  0.40001840E-05 -0.19108945E-04
  0.61000000E+01  0.40705824E-05 -0.18875697E-04
  0.61100000E+01  0.41402242E-05 -0.18641284E-04
  0.61200000E+01  0.42091040E-05 -0.18405742E-04
  0.61300000E+01  0.42772152E-05 -0.18169104E-04
  0.61400000E+01  0.43445518E-05 -0.17931408E-04
  0.61500000E+01  0.44111072E-05 -0.17692690E-04
  0.61600000E+01  0.44768743E-05 -0.17452989E-04
  0.61700000E+01  0.45418463E-05 -0.17212342E-04
  0.61800000E+01  0.46060160E-05 -0.16970790E-04
  0.61900000E+01  0.46693761E-05 -0.16728373E-04
  0.62000000E+01  0.47319193E-05 -0.16485133E-04
  0.62100000E+01  0.47936380E-05 -0.16241111E-04
  0.62200000E+01  0.48545250E-05 -0.15996351E-04
  0.62300000E+01  0.49145727E-05 -0.15750898E-04
  0.62400000E+01  0.49737737E-05 -0.15504796E-04
  0.62500000E+01  0.50321207E-05 -0.15258090E-04
  0.62600000E+01  0.50896064E-05 -0.15010827E-04
  0.62700000E+01  0.51462236E-05 -0.14763056E-04
  0.62800000E+01  0.52019657E-05 -0.14514823E-04
  0.62900000E+01  0.52568257E-05 -0.14266179E-04
  0.63000000E+01  0.53107973E-05 -0.14017172E-04
  0.63100000E+01  0.53638740E-05 -0.13767854E-04
  0.63200000E+01  0.54160500E-05 -0.13518276E-04
  0.63300000E+01  0.54673197E-05 -0.13268490E-04
  0.63400000E+01  0.55176776E-05 -0.13018548E-04
  0.63500000E+01  0.55671188E-05 -0.12768504E-04
  0.63600000E+01  0.56156389E-05 -0.12518413E-04
  0.63700000E+01  0.56632334E-05 -0.12268329E-04
  0.63800000E+01  0.57098987E-05 -0.12018307E-04
  0.63900000E+01  0.57556314E-05 -0.11768403E-04
  0.64000000E+01  0.58004283E-05 -0.11518674E-04
  0.64100000E+01  0.58442871E-05 -0.11269177E-04
  0.64200000E+01  0.58872055E-05 -0.11019970E-04
  0.64300000E+01  0.59291819E-05 -0.10771110E-04
  0.64400000E+01  0.59702149E-05 -0.10522655E-04
  0.64500000E+01  0.60103038E-05 -0.10274665E-04
  0.64600000E+01  0.60494481E-05 -0.10027199E-04
  0.64700000E+01  0.60876478E-05 -0.97803155E-05
  0.64800000E+01  0.61249032E-05 -0.95340753E-05
  0.64900000E+01  0.61612150E-05 -0.92885381E-05
  0.65000000E+01  0.61965843E-05 -0.90437640E-05
  0.65100000E+01  0.62310124E-05 -0.87998135E-05
  0.65200000E+01  0.62645011E-05 -0.85567470E-05
  0.65300000E+01  0.62970524E-05 -0.83146252E-05
  0.65400000E+01  0.63286685E-05 -0.80735087E-05
  0.65500000E+01  0.63593520E-05 -0.78334581E-05
  0.65600000E+01  0.63891056E-05 -0.75945341E-05
  0.65700000E+01  0.64179319E-05 -0.73567971E-05
  0.65800000E+01  0.64458343E-05 -0.71203076E-05
  0.65900000E+01  0.64728157E-05 -0.68851257E-05
  0.66000000E+01  0.64988796E-05 -0.66513114E-05
  0.66100000E+01  0.65240291E-05 -0.64189244E-05
  0.66200000E+01  0.65482675E-05 -0.61880241E-05
  0.66300000E+01  0.65715981E-05 -0.59586695E-05
  0.66400000E+01  0.65940243E-05 -0.57309194E-05
  0.66500000E+01  0.66155493E-05 -0.55048317E-05
  0.66600000E+01  0.66361761E-05 -0.52804643E-05
  0.66700000E+01  0.66559080E-05 -0.50578742E-05
  0.66800000E+01  0.66747476E-05 -0.48371179E-05
  0.66900000E+01  0.66926979E-05 -0.46182514E-05
  0.67000000E+01  0.67097614E-05 -0.44013299E-05
  0.67100000E+01  0.67259404E-05 -0.41864079E-05
  0.67200000E+01  0.67412371E-05 -0.39735390E-05
  0.67300000E+01  0.67556535E-05 -0.37627761E-05
  0.67400000E+01  0.67691914E-05 -0.35541713E-05
  0.67500000E+01  0.67818520E-05 -0.33477756E-05
  0.67600000E+01  0.67936368E-05 -0.31436392E-05
  0.67700000E+01  0.68045466E-05 -0.29418113E-05
  0.67800000E+01  0.68145822E-05 -0.27423400E-05
  0.67900000E+01  0.68237443E-05 -0.25452723E-05
  0.68000000E+01  0.68320329E-05 -0.23506541E-05
  0.68100000E+01  0.68394481E-05 -0.21585303E-05
  0.68200000E+01  0.68459899E-05 -0.19689443E-05
  0.68300000E+01  0.68516577E-05 -0.17819386E-05
  0.68400000E+01  0.68564510E-05 -0.15975541E-05
  0.68500000E+01  0.68603692E-05 -0.14158307E-05
  0.68600000E+01  0.68634113E-05 -0.12368068E-05
  0.68700000E+01  0.68655764E-05 -0.10605194E-05
  0.68800000E+01  0.68668636E-05 -0.88700425E-06
  0.68900000E+01  0.68672714E-05 -0.71629547E-06
  0.69000000E+01  0.68667989E-05 -0.54842587E-06
  0.69100000E+01  0.68654449E-05 -0.38342670E-06
  0.69200000E+01  0.68632082E-05 -0.22132774E-06
  0.69300000E+01  0.68600880E-05 -0.62157189E-07
  0.69400000E+01  0.68560831E-05  0.94058277E-07
  0.69500000E+01  0.68511929E-05  0.24729359E-06
  0.69600000E+01  0.68454166E-05  0.39752527E-06
  0.69700000E+01  0.68387539E-05  0.54473145E-06
  0.69800000E+01  0.68312048E-05  0.68889193E-06
  0.69900000E+01  0.68227694E-05  0.82998811E-06
  0.70000000E+01  0.68134483E-05  0.96800312E-06
