  0.50000000E-01 -0.11085390E-14 -0.13820403E+00
  0.60000000E-01 -0.11142305E-14 -0.16584582E+00
  0.70000000E-01 -0.11190101E-14 -0.19348815E+00
  0.80000000E-01 -0.11228658E-14 -0.22113110E+00
  0.90000000E-01 -0.11257854E-14 -0.24877477E+00
  0.10000000E+00 -0.11277564E-14 -0.27641924E+00
  0.11000000E+00 -0.11287658E-14 -0.30406461E+00
  0.12000000E+00 -0.11288005E-14 -0.33171096E+00
  0.13000000E+00 -0.11278471E-14 -0.35935838E+00
  0.14000000E+00 -0.11258919E-14 -0.38700696E+00
  0.15000000E+00 -0.11229208E-14 -0.41465680E+00
  0.16000000E+00 -0.11189197E-14 -0.44230797E+00
  0.17000000E+00 -0.11138741E-14 -0.46996058E+00
  0.18000000E+00 -0.11077691E-14 -0.49761471E+00
  0.19000000E+00 -0.11005898E-14 -0.52527045E+00
  0.20000000E+00 -0.10923210E-14 -0.55292789E+00
  0.21000000E+00 -0.10829471E-14 -0.58058711E+00
  0.22000000E+00 -0.10724526E-14 -0.60824822E+00
  0.23000000E+00 -0.10608214E-14 -0.63591129E+00
  0.24000000E+00 -0.10480376E-14 -0.66357642E+00
  0.25000000E+00 -0.10340849E-14 -0.69124370E+00
  0.26000000E+00 -0.10189466E-14 -0.71891321E+00
  0.27000000E+00 -0.10026063E-14 -0.74658506E+00
  0.28000000E+00 -0.98504705E-15 -0.77425932E+00
  0.29000000E+00 -0.96625192E-15 -0.80193608E+00
  0.30000000E+00 -0.94620377E-15 -0.82961544E+00
  0.31000000E+00 -0.92488535E-15 -0.85729749E+00
  0.32000000E+00 -0.90227927E-15 -0.88498231E+00
  0.33000000E+00 -0.87836803E-15 -0.91267000E+00
  0.34000000E+00 -0.85313400E-15 -0.94036064E+00
  0.35000000E+00 -0.82655948E-15 -0.96805433E+00
  0.36000000E+00 -0.79862668E-15 -0.99575116E+00
  0.37000000E+00 -0.76931773E-15 -0.10234512E+01
  0.38000000E+00 -0.73861469E-15 -0.10511546E+01
  0.39000000E+00 -0.70649958E-15 -0.10788613E+01
  0.40000000E+00 -0.67295437E-15 -0.11065716E+01
  0.41000000E+00 -0.63796101E-15 -0.11342855E+01
  0.42000000E+00 -0.60150143E-15 -0.11620030E+01
  0.43000000E+00 -0.56355755E-15 -0.11897243E+01
  0.44000000E+00 -0.52411130E-15 -0.12174494E+01
  0.45000000E+00 -0.48314463E-15 -0.12451785E+01
  0.46000000E+00 -0.44063951E-15 -0.12729117E+01
  0.47000000E+00 -0.39657798E-15 -0.13006489E+01
  0.48000000E+00 -0.35094209E-15 -0.13283904E+01
  0.49000000E+00 -0.30371401E-15 -0.13561362E+01
  0.50000000E+00 -0.25487595E-15 -0.13838864E+01
  0.51000000E+00 -0.20441023E-15 -0.14116411E+01
  0.52000000E+00 -0.15229927E-15 -0.14394003E+01
  0.53000000E+00 -0.98525602E-16 -0.14671643E+01
  0.54000000E+00 -0.43071895E-16 -0.14949330E+01
  0.55000000E+00  0.14079048E-16 -0.15227065E+01
  0.56000000E+00  0.72944267E-16 -0.15504850E+01
  0.57000000E+00  0.13354064E-15 -0.15782685E+01
  0.58000000E+00  0.19588487E-15 -0.16060572E+01
  0.59000000E+00  0.25999348E-15 -0.16338510E+01
  0.60000000E+00  0.32588277E-15 -0.16616502E+01
  0.61000000E+00  0.39356885E-15 -0.16894548E+01
  0.62000000E+00  0.46306760E-15 -0.17172648E+01
  0.63000000E+00  0.53439469E-15 -0.17450805E+01
  0.64000000E+00  0.60756551E-15 -0.17729018E+01
  0.65000000E+00  0.68259524E-15 -0.18007289E+01
  0.66000000E+00  0.75949875E-15 -0.18285618E+01
  0.67000000E+00  0.83829069E-15 -0.18564007E+01
  0.68000000E+00  0.91898538E-15 -0.18842456E+01
  0.69000000E+00  0.10015969E-14 -0.19120967E+01
  0.70000000E+00  0.10861390E-14 -0.19399539E+01
  0.71000000E+00  0.11726251E-14 -0.19678175E+01
  0.72000000E+00  0.12610684E-14 -0.19956875E+01
  0.73000000E+00  0.13514816E-14 -0.20235640E+01
  0.74000000E+00  0.14438773E-14 -0.20514471E+01
  0.75000000E+00  0.15382676E-14 -0.20793369E+01
  0.76000000E+00  0.16346643E-14 -0.21072334E+01
  0.77000000E+00  0.17330788E-14 -0.21351368E+01
  0.78000000E+00  0.18335224E-14 -0.21630472E+01
  0.79000000E+00  0.19360057E-14 -0.21909646E+01
  0.80000000E+00  0.20405391E-14 -0.22188891E+01
  0.81000000E+00  0.21471327E-14 -0.22468209E+01
  0.82000000E+00  0.22557960E-14 -0.22747601E+01
  0.83000000E+00  0.23665385E-14 -0.23027066E+01
  0.84000000E+00  0.24793689E-14 -0.23306607E+01
  0.85000000E+00  0.25942958E-14 -0.23586223E+01
  0.86000000E+00  0.27113274E-14 -0.23865917E+01
  0.87000000E+00  0.28304715E-14 -0.24145688E+01
  0.88000000E+00  0.29517353E-14 -0.24425539E+01
  0.89000000E+00  0.30751259E-14 -0.24705469E+01
  0.90000000E+00  0.32006500E-14 -0.24985480E+01
  0.91000000E+00  0.33283137E-14 -0.25265573E+01
  0.92000000E+00  0.34581230E-14 -0.25545748E+01
  0.93000000E+00  0.35900832E-14 -0.25826007E+01
  0.94000000E+00  0.37241995E-14 -0.26106350E+01
  0.95000000E+00  0.38604766E-14 -0.26386779E+01
  0.96000000E+00  0.39989188E-14 -0.26667294E+01
  0.97000000E+00  0.41395300E-14 -0.26947896E+01
  0.98000000E+00  0.42823140E-14 -0.27228587E+01
  0.99000000E+00  0.44272738E-14 -0.27509366E+01
  0.10000000E+01  0.45744123E-14 -0.27790236E+01
  0.10100000E+01  0.47237321E-14 -0.28071197E+01
  0.10200000E+01  0.48752352E-14 -0.28352250E+01
  0.10300000E+01  0.50289235E-14 -0.28633396E+01
  0.10400000E+01  0.51847983E-14 -0.28914636E+01
  0.10500000E+01  0.53428608E-14 -0.29195970E+01
  0.10600000E+01  0.55031117E-14 -0.29477401E+01
  0.10700000E+01  0.56655514E-14 -0.29758928E+01
  0.10800000E+01  0.58301800E-14 -0.30040553E+01
  0.10900000E+01  0.59969972E-14 -0.30322276E+01
  0.11000000E+01  0.61660026E-14 -0.30604099E+01
  0.11100000E+01  0.63371951E-14 -0.30886023E+01
  0.11200000E+01  0.65105736E-14 -0.31168048E+01
  0.11300000E+01  0.66861367E-14 -0.31450176E+01
  0.11400000E+01  0.68638824E-14 -0.31732407E+01
  0.11500000E+01  0.70438089E-14 -0.32014743E+01
  0.11600000E+01  0.72259135E-14 -0.32297184E+01
  0.11700000E+01  0.74101938E-14 -0.32579731E+01
  0.11800000E+01  0.75966466E-14 -0.32862385E+01
  0.11900000E+01  0.77852689E-14 -0.33145148E+01
  0.12000000E+01  0.79760570E-14 -0.33428020E+01
  0.12100000E+01  0.81690072E-14 -0.33711002E+01
  0.12200000E+01  0.83641154E-14 -0.33994095E+01
  0.12300000E+01  0.85613773E-14 -0.34277301E+01
  0.12400000E+01  0.87607882E-14 -0.34560619E+01
  0.12500000E+01  0.89623432E-14 -0.34844052E+01
  0.12600000E+01  0.91660372E-14 -0.35127599E+01
  0.12700000E+01  0.93718646E-14 -0.35411263E+01
  0.12800000E+01  0.95798197E-14 -0.35695043E+01
  0.12900000E+01  0.97898963E-14 -0.35978942E+01
  0.13000000E+01  0.10002088E-13 -0.36262959E+01
  0.13100000E+01  0.10216388E-13 -0.36547097E+01
  0.13200000E+01  0.10432790E-13 -0.36831355E+01
  0.13300000E+01  0.10651286E-13 -0.37115735E+01
  0.13400000E+01  0.10871867E-13 -0.37400238E+01
  0.13500000E+01  0.11094527E-13 -0.37684865E+01
  0.13600000E+01  0.11319256E-13 -0.37969617E+01
  0.13700000E+01  0.11546045E-13 -0.38254495E+01
  0.13800000E+01  0.11774886E-13 -0.38539499E+01
  0.13900000E+01  0.12005766E-13 -0.38824631E+01
  0.14000000E+01  0.12238678E-13 -0.39109892E+01
  0.14100000E+01  0.12473608E-13 -0.39395283E+01
  0.14200000E+01  0.12710546E-13 -0.39680805E+01
  0.14300000E+01  0.12949478E-13 -0.39966458E+01
  0.14400000E+01  0.13190393E-13 -0.40252245E+01
  0.14500000E+01  0.13433277E-13 -0.40538165E+01
  0.14600000E+01  0.13678114E-13 -0.40824219E+01
  0.14700000E+01  0.13924890E-13 -0.41110410E+01
  0.14800000E+01  0.14173588E-13 -0.41396738E+01
  0.14900000E+01  0.14424191E-13 -0.41683203E+01
  0.15000000E+01  0.14676682E-13 -0.41969807E+01
  0.15100000E+01  0.14931041E-13 -0.42256551E+01
  0.15200000E+01  0.15187247E-13 -0.42543436E+01
  0.15300000E+01  0.15445281E-13 -0.42830462E+01
  0.15400000E+01  0.15705119E-13 -0.43117632E+01
  0.15500000E+01  0.15966737E-13 -0.43404945E+01
  0.15600000E+01  0.16230111E-13 -0.43692404E+01
  0.15700000E+01  0.16495214E-13 -0.43980008E+01
  0.15800000E+01  0.16762019E-13 -0.44267759E+01
  0.15900000E+01  0.17030496E-13 -0.44555659E+01
  0.16000000E+01  0.17300614E-13 -0.44843707E+01
  0.16100000E+01  0.17572341E-13 -0.45131905E+01
  0.16200000E+01  0.17845643E-13 -0.45420254E+01
  0.16300000E+01  0.18120484E-13 -0.45708756E+01
  0.16400000E+01  0.18396827E-13 -0.45997411E+01
  0.16500000E+01  0.18674633E-13 -0.46286219E+01
  0.16600000E+01  0.18953861E-13 -0.46575183E+01
  0.16700000E+01  0.19234468E-13 -0.46864303E+01
  0.16800000E+01  0.19516409E-13 -0.47153581E+01
  0.16900000E+01  0.19799637E-13 -0.47443017E+01
  0.17000000E+01  0.20084105E-13 -0.47732612E+01
  0.17100000E+01  0.20369760E-13 -0.48022367E+01
  0.17200000E+01  0.20656552E-13 -0.48312284E+01
  0.17300000E+01  0.20944424E-13 -0.48602364E+01
  0.17400000E+01  0.21233321E-13 -0.48892607E+01
  0.17500000E+01  0.21523183E-13 -0.49183015E+01
  0.17600000E+01  0.21813951E-13 -0.49473588E+01
  0.17700000E+01  0.22105560E-13 -0.49764328E+01
  0.17800000E+01  0.22397946E-13 -0.50055236E+01
  0.17900000E+01  0.22691043E-13 -0.50346313E+01
  0.18000000E+01  0.22984779E-13 -0.50637560E+01
  0.18100000E+01  0.23279086E-13 -0.50928977E+01
  0.18200000E+01  0.23573888E-13 -0.51220567E+01
  0.18300000E+01  0.23869110E-13 -0.51512330E+01
  0.18400000E+01  0.24164675E-13 -0.51804267E+01
  0.18500000E+01  0.24460504E-13 -0.52096379E+01
  0.18600000E+01  0.24756513E-13 -0.52388668E+01
  0.18700000E+01  0.25052619E-13 -0.52681134E+01
  0.18800000E+01  0.25348737E-13 -0.52973778E+01
  0.18900000E+01  0.25644776E-13 -0.53266602E+01
  0.19000000E+01  0.25940647E-13 -0.53559607E+01
  0.19100000E+01  0.26236258E-13 -0.53852794E+01
  0.19200000E+01  0.26531512E-13 -0.54146163E+01
  0.19300000E+01  0.26826313E-13 -0.54439716E+01
  0.19400000E+01  0.27120561E-13 -0.54733455E+01
  0.19500000E+01  0.27414153E-13 -0.55027379E+01
  0.19600000E+01  0.27706986E-13 -0.55321491E+01
  0.19700000E+01  0.27998952E-13 -0.55615791E+01
  0.19800000E+01  0.28289941E-13 -0.55910280E+01
  0.19900000E+01  0.28579842E-13 -0.56204960E+01
  0.20000000E+01  0.28868538E-13 -0.56499831E+01
  0.20100000E+01  0.29155913E-13 -0.56794896E+01
  0.20200000E+01  0.29441844E-13 -0.57090154E+01
  0.20300000E+01  0.29726208E-13 -0.57385607E+01
  0.20400000E+01  0.30008878E-13 -0.57681256E+01
  0.20500000E+01  0.30289723E-13 -0.57977103E+01
  0.20600000E+01  0.30568608E-13 -0.58273147E+01
  0.20700000E+01  0.30845396E-13 -0.58569392E+01
  0.20800000E+01  0.31119944E-13 -0.58865836E+01
  0.20900000E+01  0.31392108E-13 -0.59162483E+01
  0.21000000E+01  0.31661738E-13 -0.59459332E+01
  0.21100000E+01  0.31928678E-13 -0.59756385E+01
  0.21200000E+01  0.32192771E-13 -0.60053644E+01
  0.21300000E+01  0.32453854E-13 -0.60351108E+01
  0.21400000E+01  0.32711757E-13 -0.60648780E+01
  0.21500000E+01  0.32966308E-13 -0.60946661E+01
  0.21600000E+01  0.33217329E-13 -0.61244751E+01
  0.21700000E+01  0.33464635E-13 -0.61543052E+01
  0.21800000E+01  0.33708038E-13 -0.61841565E+01
  0.21900000E+01  0.33947341E-13 -0.62140291E+01
  0.22000000E+01  0.34182346E-13 -0.62439232E+01
  0.22100000E+01  0.34412843E-13 -0.62738388E+01
  0.22200000E+01  0.34638622E-13 -0.63037760E+01
  0.22300000E+01  0.34859461E-13 -0.63337351E+01
  0.22400000E+01  0.35075136E-13 -0.63637160E+01
  0.22500000E+01  0.35285414E-13 -0.63937189E+01
  0.22600000E+01  0.35490056E-13 -0.64237440E+01
  0.22700000E+01  0.35688818E-13 -0.64537913E+01
  0.22800000E+01  0.35881446E-13 -0.64838610E+01
  0.22900000E+01  0.36067683E-13 -0.65139531E+01
  0.23000000E+01  0.36247263E-13 -0.65440679E+01
  0.23100000E+01  0.36419913E-13 -0.65742054E+01
  0.23200000E+01  0.36585356E-13 -0.66043657E+01
  0.23300000E+01  0.36743305E-13 -0.66345490E+01
  0.23400000E+01  0.36893469E-13 -0.66647553E+01
  0.23500000E+01  0.37035551E-13 -0.66949849E+01
  0.23600000E+01  0.37169247E-13 -0.67252377E+01
  0.23700000E+01  0.37294247E-13 -0.67555141E+01
  0.23800000E+01  0.37410235E-13 -0.67858139E+01
  0.23900000E+01  0.37516893E-13 -0.68161375E+01
  0.24000000E+01  0.37613895E-13 -0.68464848E+01
  0.24100000E+01  0.37700911E-13 -0.68768561E+01
  0.24200000E+01  0.37777610E-13 -0.69072514E+01
  0.24300000E+01  0.37843654E-13 -0.69376709E+01
  0.24400000E+01  0.37898706E-13 -0.69681147E+01
  0.24500000E+01  0.37942424E-13 -0.69985829E+01
  0.24600000E+01  0.37974468E-13 -0.70290756E+01
  0.24700000E+01  0.37994495E-13 -0.70595930E+01
  0.24800000E+01  0.38002166E-13 -0.70901351E+01
  0.24900000E+01  0.37997140E-13 -0.71207022E+01
  0.25000000E+01  0.37979083E-13 -0.71512943E+01
  0.25100000E+01  0.37947662E-13 -0.71819116E+01
  0.25200000E+01  0.37902552E-13 -0.72125542E+01
  0.25300000E+01  0.37843433E-13 -0.72432221E+01
  0.25400000E+01  0.37769996E-13 -0.72739156E+01
  0.25500000E+01  0.37681938E-13 -0.73046348E+01
  0.25600000E+01  0.37578972E-13 -0.73353797E+01
  0.25700000E+01  0.37460823E-13 -0.73661505E+01
  0.25800000E+01  0.37327230E-13 -0.73969474E+01
  0.25900000E+01  0.37177951E-13 -0.74277705E+01
  0.26000000E+01  0.37012764E-13 -0.74586198E+01
  0.26100000E+01  0.36831466E-13 -0.74894956E+01
  0.26200000E+01  0.36633879E-13 -0.75203979E+01
  0.26300000E+01  0.36419851E-13 -0.75513270E+01
  0.26400000E+01  0.36189256E-13 -0.75822828E+01
  0.26500000E+01  0.35941998E-13 -0.76132655E+01
  0.26600000E+01  0.35678015E-13 -0.76442754E+01
  0.26700000E+01  0.35397276E-13 -0.76753124E+01
  0.26800000E+01  0.35099786E-13 -0.77063768E+01
  0.26900000E+01  0.34785588E-13 -0.77374686E+01
  0.27000000E+01  0.34454762E-13 -0.77685880E+01
  0.27100000E+01  0.34107430E-13 -0.77997351E+01
  0.27200000E+01  0.33743753E-13 -0.78309101E+01
  0.27300000E+01  0.33363934E-13 -0.78621131E+01
  0.27400000E+01  0.32968219E-13 -0.78933442E+01
  0.27500000E+01  0.32556895E-13 -0.79246036E+01
  0.27600000E+01  0.32130290E-13 -0.79558913E+01
  0.27700000E+01  0.31688774E-13 -0.79872076E+01
  0.27800000E+01  0.31232754E-13 -0.80185525E+01
  0.27900000E+01  0.30762676E-13 -0.80499262E+01
  0.28000000E+01  0.30279020E-13 -0.80813289E+01
  0.28100000E+01  0.29782298E-13 -0.81127606E+01
  0.28200000E+01  0.29273049E-13 -0.81442215E+01
  0.28300000E+01  0.28751837E-13 -0.81757117E+01
  0.28400000E+01  0.28219245E-13 -0.82072314E+01
  0.28500000E+01  0.27675870E-13 -0.82387807E+01
  0.28600000E+01  0.27122320E-13 -0.82703598E+01
  0.28700000E+01  0.26559204E-13 -0.83019687E+01
  0.28800000E+01  0.25987130E-13 -0.83336077E+01
  0.28900000E+01  0.25406697E-13 -0.83652768E+01
  0.29000000E+01  0.24818492E-13 -0.83969762E+01
  0.29100000E+01  0.24223081E-13 -0.84287061E+01
  0.29200000E+01  0.23621010E-13 -0.84604665E+01
  0.29300000E+01  0.23012795E-13 -0.84922577E+01
  0.29400000E+01  0.22398927E-13 -0.85240797E+01
  0.29500000E+01  0.21779863E-13 -0.85559327E+01
  0.29600000E+01  0.21156033E-13 -0.85878168E+01
  0.29700000E+01  0.20527841E-13 -0.86197323E+01
  0.29800000E+01  0.19895670E-13 -0.86516791E+01
  0.29900000E+01  0.19259890E-13 -0.86836576E+01
  0.30000000E+01  0.18620869E-13 -0.87156677E+01
  0.30100000E+01  0.17978987E-13 -0.87477097E+01
  0.30200000E+01  0.17334653E-13 -0.87797837E+01
  0.30300000E+01  0.16688324E-13 -0.88118898E+01
  0.30400000E+01  0.16040533E-13 -0.88440283E+01
  0.30500000E+01  0.15391910E-13 -0.88761991E+01
  0.30600000E+01  0.14743219E-13 -0.89084026E+01
  0.30700000E+01  0.14095382E-13 -0.89406387E+01
  0.30800000E+01  0.13449522E-13 -0.89729078E+01
  0.30900000E+01  0.12806995E-13 -0.90052098E+01
  0.31000000E+01  0.12169428E-13 -0.90375451E+01
  0.31100000E+01  0.11538758E-13 -0.90699136E+01
  0.31200000E+01  0.10917266E-13 -0.91023156E+01
  0.31300000E+01  0.10307613E-13 -0.91347512E+01
  0.31400000E+01  0.97128720E-14 -0.91672206E+01
  0.31500000E+01  0.91365526E-14 -0.91997239E+01
  0.31600000E+01  0.85826252E-14 -0.92322613E+01
  0.31700000E+01  0.80555335E-14 -0.92648329E+01
  0.31800000E+01  0.75602015E-14 -0.92974388E+01
  0.31900000E+01  0.71020306E-14 -0.93300793E+01
  0.32000000E+01  0.66868859E-14 -0.93627545E+01
  0.32100000E+01  0.63210722E-14 -0.93954644E+01
  0.32200000E+01  0.60112972E-14 -0.94282094E+01
  0.32300000E+01  0.57646234E-14 -0.94609894E+01
  0.32400000E+01  0.55884063E-14 -0.94938048E+01
  0.32500000E+01  0.54902212E-14 -0.95266556E+01
  0.32600000E+01  0.54777779E-14 -0.95595420E+01
  0.32700000E+01  0.55588232E-14 -0.95924641E+01
  0.32800000E+01  0.57410344E-14 -0.96254222E+01
  0.32900000E+01  0.60319033E-14 -0.96584163E+01
  0.33000000E+01  0.64386124E-14 -0.96914467E+01
  0.33100000E+01  0.69679060E-14 -0.97245134E+01
  0.33200000E+01  0.76259578E-14 -0.97576167E+01
  0.33300000E+01  0.84182361E-14 -0.97907566E+01
  0.33400000E+01  0.93493707E-14 -0.98239334E+01
  0.33500000E+01  0.10423022E-13 -0.98571473E+01
  0.33600000E+01  0.11641755E-13 -0.98903983E+01
  0.33700000E+01  0.13006925E-13 -0.99236867E+01
  0.33800000E+01  0.14518569E-13 -0.99570125E+01
  0.33900000E+01  0.16175316E-13 -0.99903761E+01
  0.34000000E+01  0.17974310E-13 -0.10023777E+02
  0.34100000E+01  0.19911167E-13 -0.10057217E+02
  0.34200000E+01  0.21979946E-13 -0.10090694E+02
  0.34300000E+01  0.24173166E-13 -0.10124210E+02
  0.34400000E+01  0.26481863E-13 -0.10157764E+02
  0.34500000E+01  0.28895700E-13 -0.10191357E+02
  0.34600000E+01  0.31403135E-13 -0.10224989E+02
  0.34700000E+01  0.33991666E-13 -0.10258660E+02
  0.34800000E+01  0.36648162E-13 -0.10292370E+02
  0.34900000E+01  0.39359269E-13 -0.10326119E+02
  0.35000000E+01  0.42111926E-13 -0.10359908E+02
  0.35100000E+01  0.44893964E-13 -0.10393736E+02
  0.35200000E+01  0.47694795E-13 -0.10427604E+02
  0.35300000E+01  0.50506164E-13 -0.10461512E+02
  0.35400000E+01  0.53322940E-13 -0.10495461E+02
  0.35500000E+01  0.56143915E-13 -0.10529449E+02
  0.35600000E+01  0.58972539E-13 -0.10563479E+02
  0.35700000E+01  0.61817549E-13 -0.10597548E+02
  0.35800000E+01  0.64693411E-13 -0.10631659E+02
  0.35900000E+01  0.67620509E-13 -0.10665811E+02
  0.36000000E+01  0.70625008E-13 -0.10700004E+02
  0.36100000E+01  0.73738330E-13 -0.10734238E+02
  0.36200000E+01  0.76996204E-13 -0.10768514E+02
  0.36300000E+01  0.80437274E-13 -0.10802832E+02
  0.36400000E+01  0.84101275E-13 -0.10837191E+02
  0.36500000E+01  0.88026836E-13 -0.10871593E+02
  0.36600000E+01  0.92249004E-13 -0.10906037E+02
  0.36700000E+01  0.96796605E-13 -0.10940523E+02
  0.36800000E+01  0.10168962E-12 -0.10975052E+02
  0.36900000E+01  0.10693676E-12 -0.11009624E+02
  0.37000000E+01  0.11253341E-12 -0.11044239E+02
  0.37100000E+01  0.11846012E-12 -0.11078896E+02
  0.37200000E+01  0.12468192E-12 -0.11113598E+02
  0.37300000E+01  0.13114833E-12 -0.11148342E+02
  0.37400000E+01  0.13779440E-12 -0.11183131E+02
  0.37500000E+01  0.14454257E-12 -0.11217963E+02
  0.37600000E+01  0.15130529E-12 -0.11252840E+02
  0.37700000E+01  0.15798831E-12 -0.11287761E+02
  0.37800000E+01  0.16449414E-12 -0.11322726E+02
  0.37900000E+01  0.17072556E-12 -0.11357736E+02
  0.38000000E+01  0.17658872E-12 -0.11392790E+02
  0.38100000E+01  0.18199560E-12 -0.11427890E+02
  0.38200000E+01  0.18686612E-12 -0.11463035E+02
  0.38300000E+01  0.19113065E-12 -0.11498225E+02
  0.38400000E+01  0.19473428E-12 -0.11533461E+02
  0.38500000E+01  0.19764480E-12 -0.11568743E+02
  0.38600000E+01  0.19986555E-12 -0.11604070E+02
  0.38700000E+01  0.20145231E-12 -0.11639444E+02
  0.38800000E+01  0.20252978E-12 -0.11674864E+02
  0.38900000E+01  0.20329903E-12 -0.11710331E+02
  0.39000000E+01  0.20402551E-12 -0.11745844E+02
  0.39100000E+01  0.20499980E-12 -0.11781405E+02
  0.39200000E+01  0.20647200E-12 -0.11817012E+02
  0.39300000E+01  0.20857394E-12 -0.11852667E+02
  0.39400000E+01  0.21125488E-12 -0.11888369E+02
  0.39500000E+01  0.21425930E-12 -0.11924120E+02
  0.39600000E+01  0.21716551E-12 -0.11959918E+02
  0.39700000E+01  0.21948191E-12 -0.11995764E+02
  0.39800000E+01  0.22077413E-12 -0.12031658E+02
  0.39900000E+01  0.22078087E-12 -0.12067601E+02
  0.40000000E+01  0.21947919E-12 -0.12103593E+02
  0.40100000E+01  0.21707929E-12 -0.12139634E+02
  0.40200000E+01  0.21395570E-12 -0.12175724E+02
  0.40300000E+01  0.21054424E-12 -0.12211863E+02
  0.40400000E+01  0.20724146E-12 -0.12248052E+02
  0.40500000E+01  0.20433569E-12 -0.12284290E+02
  0.40600000E+01  0.20198178E-12 -0.12320579E+02
  0.40700000E+01  0.20021432E-12 -0.12356917E+02
  0.40800000E+01  0.19898356E-12 -0.12393306E+02
  0.40900000E+01  0.19819679E-12 -0.12429746E+02
  0.41000000E+01  0.19775237E-12 -0.12466237E+02
  0.41100000E+01  0.19756109E-12 -0.12502778E+02
  0.41200000E+01  0.19755515E-12 -0.12539371E+02
  0.41300000E+01  0.19768854E-12 -0.12576015E+02
  0.41400000E+01  0.19793295E-12 -0.12612711E+02
  0.41500000E+01  0.19827235E-12 -0.12649458E+02
  0.41600000E+01  0.19869830E-12 -0.12686258E+02
  0.41700000E+01  0.19920644E-12 -0.12723110E+02
  0.41800000E+01  0.19979423E-12 -0.12760015E+02
  0.41900000E+01  0.20045973E-12 -0.12796972E+02
  0.42000000E+01  0.20120085E-12 -0.12833983E+02
  0.42100000E+01  0.20201515E-12 -0.12871046E+02
  0.42200000E+01  0.20289966E-12 -0.12908163E+02
  0.42300000E+01  0.20385094E-12 -0.12945333E+02
  0.42400000E+01  0.20486513E-12 -0.12982558E+02
  0.42500000E+01  0.20593802E-12 -0.13019836E+02
  0.42600000E+01  0.20706517E-12 -0.13057169E+02
  0.42700000E+01  0.20824200E-12 -0.13094556E+02
  0.42800000E+01  0.20946388E-12 -0.13131998E+02
  0.42900000E+01  0.21072623E-12 -0.13169495E+02
  0.43000000E+01  0.21202457E-12 -0.13207047E+02
  0.43100000E+01  0.21335463E-12 -0.13244655E+02
  0.43200000E+01  0.21471236E-12 -0.13282318E+02
  0.43300000E+01  0.21609399E-12 -0.13320037E+02
  0.43400000E+01  0.21749603E-12 -0.13357813E+02
  0.43500000E+01  0.21891531E-12 -0.13395644E+02
  0.43600000E+01  0.22034900E-12 -0.13433533E+02
  0.43700000E+01  0.22179455E-12 -0.13471478E+02
  0.43800000E+01  0.22324973E-12 -0.13509480E+02
  0.43900000E+01  0.22471257E-12 -0.13547539E+02
  0.44000000E+01  0.22618140E-12 -0.13585657E+02
  0.44100000E+01  0.22765476E-12 -0.13623831E+02
  0.44200000E+01  0.22913141E-12 -0.13662064E+02
  0.44300000E+01  0.23061031E-12 -0.13700355E+02
  0.44400000E+01  0.23209058E-12 -0.13738705E+02
  0.44500000E+01  0.23357147E-12 -0.13777113E+02
  0.44600000E+01  0.23505237E-12 -0.13815581E+02
  0.44700000E+01  0.23653276E-12 -0.13854107E+02
  0.44800000E+01  0.23801219E-12 -0.13892693E+02
  0.44900000E+01  0.23949031E-12 -0.13931339E+02
  0.45000000E+01  0.24096679E-12 -0.13970045E+02
  0.45100000E+01  0.24244136E-12 -0.14008811E+02
  0.45200000E+01  0.24391378E-12 -0.14047638E+02
  0.45300000E+01  0.24538382E-12 -0.14086525E+02
  0.45400000E+01  0.24685130E-12 -0.14125473E+02
  0.45500000E+01  0.24831604E-12 -0.14164483E+02
  0.45600000E+01  0.24977785E-12 -0.14203554E+02
  0.45700000E+01  0.25123657E-12 -0.14242687E+02
  0.45800000E+01  0.25269207E-12 -0.14281882E+02
  0.45900000E+01  0.25414418E-12 -0.14321139E+02
  0.46000000E+01  0.25559277E-12 -0.14360458E+02
  0.46100000E+01  0.25703770E-12 -0.14399841E+02
  0.46200000E+01  0.25847885E-12 -0.14439286E+02
  0.46300000E+01  0.25991609E-12 -0.14478795E+02
  0.46400000E+01  0.26134933E-12 -0.14518368E+02
  0.46500000E+01  0.26277845E-12 -0.14558004E+02
  0.46600000E+01  0.26420337E-12 -0.14597704E+02
  0.46700000E+01  0.26562400E-12 -0.14637469E+02
  0.46800000E+01  0.26704027E-12 -0.14677299E+02
  0.46900000E+01  0.26845212E-12 -0.14717193E+02
  0.47000000E+01  0.26985950E-12 -0.14757153E+02
  0.47100000E+01  0.27126237E-12 -0.14797178E+02
  0.47200000E+01  0.27266071E-12 -0.14837269E+02
  0.47300000E+01  0.27405450E-12 -0.14877426E+02
  0.47400000E+01  0.27544373E-12 -0.14917649E+02
  0.47500000E+01  0.27682842E-12 -0.14957939E+02
  0.47600000E+01  0.27820858E-12 -0.14998296E+02
  0.47700000E+01  0.27958424E-12 -0.15038719E+02
  0.47800000E+01  0.28095544E-12 -0.15079211E+02
  0.47900000E+01  0.28232222E-12 -0.15119770E+02
  0.48000000E+01  0.28368463E-12 -0.15160397E+02
  0.48100000E+01  0.28504274E-12 -0.15201092E+02
  0.48200000E+01  0.28639662E-12 -0.15241856E+02
  0.48300000E+01  0.28774635E-12 -0.15282688E+02
  0.48400000E+01  0.28909200E-12 -0.15323590E+02
  0.48500000E+01  0.29043366E-12 -0.15364562E+02
  0.48600000E+01  0.29177143E-12 -0.15405603E+02
  0.48700000E+01  0.29310540E-12 -0.15446714E+02
  0.48800000E+01  0.29443566E-12 -0.15487895E+02
  0.48900000E+01  0.29576232E-12 -0.15529147E+02
  0.49000000E+01  0.29708548E-12 -0.15570470E+02
  0.49100000E+01  0.29840524E-12 -0.15611865E+02
  0.49200000E+01  0.29972170E-12 -0.15653330E+02
  0.49300000E+01  0.30103498E-12 -0.15694868E+02
  0.49400000E+01  0.30234516E-12 -0.15736478E+02
  0.49500000E+01  0.30365236E-12 -0.15778160E+02
  0.49600000E+01  0.30495668E-12 -0.15819915E+02
  0.49700000E+01  0.30625821E-12 -0.15861743E+02
  0.49800000E+01  0.30755705E-12 -0.15903644E+02
  0.49900000E+01  0.30885330E-12 -0.15945619E+02
  0.50000000E+01  0.31014705E-12 -0.15987668E+02
  0.50100000E+01  0.31143838E-12 -0.16029791E+02
  0.50200000E+01  0.31272739E-12 -0.16071989E+02
  0.50300000E+01  0.31401415E-12 -0.16114262E+02
  0.50400000E+01  0.31529875E-12 -0.16156610E+02
  0.50500000E+01  0.31658125E-12 -0.16199034E+02
  0.50600000E+01  0.31786172E-12 -0.16241534E+02
  0.50700000E+01  0.31914024E-12 -0.16284110E+02
  0.50800000E+01  0.32041686E-12 -0.16326762E+02
  0.50900000E+01  0.32169163E-12 -0.16369492E+02
  0.51000000E+01  0.32296461E-12 -0.16412298E+02
  0.51100000E+01  0.32423584E-12 -0.16455183E+02
  0.51200000E+01  0.32550537E-12 -0.16498145E+02
  0.51300000E+01  0.32677323E-12 -0.16541185E+02
  0.51400000E+01  0.32803944E-12 -0.16584304E+02
  0.51500000E+01  0.32930404E-12 -0.16627501E+02
  0.51600000E+01  0.33056703E-12 -0.16670778E+02
  0.51700000E+01  0.33182844E-12 -0.16714135E+02
  0.51800000E+01  0.33308828E-12 -0.16757571E+02
  0.51900000E+01  0.33434653E-12 -0.16801088E+02
  0.52000000E+01  0.33560321E-12 -0.16844685E+02
  0.52100000E+01  0.33685829E-12 -0.16888364E+02
  0.52200000E+01  0.33811176E-12 -0.16932123E+02
  0.52300000E+01  0.33936359E-12 -0.16975965E+02
  0.52400000E+01  0.34061376E-12 -0.17019888E+02
  0.52500000E+01  0.34186223E-12 -0.17063893E+02
  0.52600000E+01  0.34310896E-12 -0.17107982E+02
  0.52700000E+01  0.34435388E-12 -0.17152153E+02
  0.52800000E+01  0.34559695E-12 -0.17196408E+02
  0.52900000E+01  0.34683809E-12 -0.17240747E+02
  0.53000000E+01  0.34807723E-12 -0.17285170E+02
  0.53100000E+01  0.34931429E-12 -0.17329677E+02
  0.53200000E+01  0.35054916E-12 -0.17374270E+02
  0.53300000E+01  0.35178174E-12 -0.17418947E+02
  0.53400000E+01  0.35301190E-12 -0.17463710E+02
  0.53500000E+01  0.35423953E-12 -0.17508560E+02
  0.53600000E+01  0.35546445E-12 -0.17553495E+02
  0.53700000E+01  0.35668651E-12 -0.17598518E+02
  0.53800000E+01  0.35790552E-12 -0.17643628E+02
  0.53900000E+01  0.35912126E-12 -0.17688825E+02
  0.54000000E+01  0.36033347E-12 -0.17734110E+02
  0.54100000E+01  0.36154189E-12 -0.17779484E+02
  0.54200000E+01  0.36274618E-12 -0.17824946E+02
  0.54300000E+01  0.36394596E-12 -0.17870497E+02
  0.54400000E+01  0.36514078E-12 -0.17916138E+02
  0.54500000E+01  0.36633014E-12 -0.17961869E+02
  0.54600000E+01  0.36751340E-12 -0.18007689E+02
  0.54700000E+01  0.36868982E-12 -0.18053601E+02
  0.54800000E+01  0.36985853E-12 -0.18099604E+02
  0.54900000E+01  0.37101846E-12 -0.18145698E+02
  0.55000000E+01  0.37216832E-12 -0.18191884E+02
  0.55100000E+01  0.37330656E-12 -0.18238163E+02
  0.55200000E+01  0.37443126E-12 -0.18284534E+02
  0.55300000E+01  0.37554013E-12 -0.18330998E+02
  0.55400000E+01  0.37663032E-12 -0.18377556E+02
  0.55500000E+01  0.37769836E-12 -0.18424208E+02
  0.55600000E+01  0.37874000E-12 -0.18470954E+02
  0.55700000E+01  0.37975000E-12 -0.18517795E+02
  0.55800000E+01  0.38072193E-12 -0.18564731E+02
  0.55900000E+01  0.38164788E-12 -0.18611763E+02
  0.56000000E+01  0.38251811E-12 -0.18658891E+02
  0.56100000E+01  0.38332064E-12 -0.18706116E+02
  0.56200000E+01  0.38404070E-12 -0.18753437E+02
  0.56300000E+01  0.38466011E-12 -0.18800856E+02
  0.56400000E+01  0.38515651E-12 -0.18848373E+02
  0.56500000E+01  0.38550237E-12 -0.18895988E+02
  0.56600000E+01  0.38566381E-12 -0.18943702E+02
  0.56700000E+01  0.38559916E-12 -0.18991514E+02
  0.56800000E+01  0.38525721E-12 -0.19039427E+02
  0.56900000E+01  0.38457500E-12 -0.19087439E+02
  0.57000000E+01  0.38347523E-12 -0.19135553E+02
  0.57100000E+01  0.38186298E-12 -0.19183767E+02
  0.57200000E+01  0.37962181E-12 -0.19232082E+02
  0.57300000E+01  0.37660892E-12 -0.19280500E+02
  0.57400000E+01  0.37264931E-12 -0.19329019E+02
  0.57500000E+01  0.36752865E-12 -0.19377642E+02
  0.57600000E+01  0.36098457E-12 -0.19426368E+02
  0.57700000E+01  0.35269614E-12 -0.19475198E+02
  0.57800000E+01  0.34227102E-12 -0.19524132E+02
  0.57900000E+01  0.32922988E-12 -0.19573170E+02
  0.58000000E+01  0.31298746E-12 -0.19622314E+02
  0.58100000E+01  0.29282971E-12 -0.19671564E+02
  0.58200000E+01  0.26788592E-12 -0.19720920E+02
  0.58300000E+01  0.23709508E-12 -0.19770382E+02
  0.58400000E+01  0.19916519E-12 -0.19819952E+02
  0.58500000E+01  0.15252394E-12 -0.19869629E+02
  0.58600000E+01  0.95259214E-13 -0.19919415E+02
  0.58700000E+01  0.25047187E-13 -0.19969309E+02
  0.58800000E+01 -0.60934439E-13 -0.20019312E+02
  0.58900000E+01 -0.16611106E-12 -0.20069425E+02
  0.59000000E+01 -0.29463726E-12 -0.20119649E+02
  0.59100000E+01 -0.45154865E-12 -0.20169983E+02
  0.59200000E+01 -0.64294460E-12 -0.20220428E+02
  0.59300000E+01 -0.87620796E-12 -0.20270985E+02
  0.59400000E+01 -0.11602691E-11 -0.20321654E+02
  0.59500000E+01 -0.15059231E-11 -0.20372436E+02
  0.59600000E+01 -0.19262101E-11 -0.20423332E+02
  0.59700000E+01 -0.24368716E-11 -0.20474341E+02
  0.59800000E+01 -0.30568973E-11 -0.20525465E+02
  0.59900000E+01 -0.38091797E-11 -0.20576704E+02
  0.60000000E+01 -0.47212977E-11 -0.20628058E+02
  0.60100000E+01 -0.58264528E-11 -0.20679528E+02
  0.60200000E+01 -0.71645889E-11 -0.20731115E+02
  0.60300000E+01 -0.87837283E-11 -0.20782819E+02
  0.60400000E+01 -0.10741566E-10 -0.20834641E+02
  0.60500000E+01 -0.13107373E-10 -0.20886581E+02
  0.60600000E+01 -0.15964257E-10 -0.20938640E+02
  0.60700000E+01 -0.19411863E-10 -0.20990818E+02
  0.60800000E+01 -0.23569581E-10 -0.21043116E+02
  0.60900000E+01 -0.28580359E-10 -0.21095535E+02
  0.61000000E+01 -0.34615236E-10 -0.21148075E+02
  0.61100000E+01 -0.41878720E-10 -0.21200737E+02
  0.61200000E+01 -0.50615171E-10 -0.21253521E+02
  0.61300000E+01 -0.61116366E-10 -0.21306428E+02
  0.61400000E+01 -0.73730458E-10 -0.21359459E+02
  0.61500000E+01 -0.88872586E-10 -0.21412613E+02
  0.61600000E+01 -0.10703742E-09 -0.21465893E+02
  0.61700000E+01 -0.12881399E-09 -0.21519297E+02
  0.61800000E+01 -0.15490319E-09 -0.21572828E+02
  0.61900000E+01 -0.18613848E-09 -0.21626485E+02
  0.62000000E+01 -0.22351024E-09 -0.21680270E+02
  0.62100000E+01 -0.26819448E-09 -0.21734182E+02
  0.62200000E+01 -0.32158673E-09 -0.21788222E+02
  0.62300000E+01 -0.38534181E-09 -0.21842392E+02
  0.62400000E+01 -0.46142062E-09 -0.21896691E+02
  0.62500000E+01 -0.55214523E-09 -0.21951121E+02
  0.62600000E+01 -0.66026336E-09 -0.22005682E+02
  0.62700000E+01 -0.78902423E-09 -0.22060374E+02
  0.62800000E+01 -0.94226735E-09 -0.22115198E+02
  0.62900000E+01 -0.11245266E-08 -0.22170156E+02
  0.63000000E+01 -0.13411519E-08 -0.22225247E+02
  0.63100000E+01 -0.15984521E-08 -0.22280473E+02
  0.63200000E+01 -0.19038610E-08 -0.22335833E+02
  0.63300000E+01 -0.22661321E-08 -0.22391329E+02
  0.63400000E+01 -0.26955658E-08 -0.22446961E+02
  0.63500000E+01 -0.32042736E-08 -0.22502731E+02
  0.63600000E+01 -0.38064869E-08 -0.22558638E+02
  0.63700000E+01 -0.45189164E-08 -0.22614683E+02
  0.63800000E+01 -0.53611693E-08 -0.22670868E+02
  0.63900000E+01 -0.63562356E-08 -0.22727192E+02
  0.64000000E+01 -0.75310523E-08 -0.22783657E+02
  0.64100000E+01 -0.89171583E-08 -0.22840263E+02
  0.64200000E+01 -0.10551454E-07 -0.22897011E+02
  0.64300000E+01 -0.12477084E-07 -0.22953902E+02
  0.64400000E+01 -0.14744451E-07 -0.23010936E+02
  0.64500000E+01 -0.17412404E-07 -0.23068114E+02
  0.64600000E+01 -0.20549596E-07 -0.23125438E+02
  0.64700000E+01 -0.24236062E-07 -0.23182907E+02
  0.64800000E+01 -0.28565040E-07 -0.23240522E+02
  0.64900000E+01 -0.33645068E-07 -0.23298284E+02
  0.65000000E+01 -0.39602404E-07 -0.23356195E+02
  0.65100000E+01 -0.46583811E-07 -0.23414254E+02
  0.65200000E+01 -0.54759763E-07 -0.23472462E+02
  0.65300000E+01 -0.64328129E-07 -0.23530821E+02
  0.65400000E+01 -0.75518410E-07 -0.23589331E+02
  0.65500000E+01 -0.88596596E-07 -0.23647993E+02
  0.65600000E+01 -0.10387074E-06 -0.23706808E+02
  0.65700000E+01 -0.12169736E-06 -0.23765776E+02
  0.65800000E+01 -0.14248873E-06 -0.23824898E+02
  0.65900000E+01 -0.16672127E-06 -0.23884175E+02
  0.66000000E+01 -0.19494511E-06 -0.23943608E+02
  0.66100000E+01 -0.22779502E-06 -0.24003198E+02
  0.66200000E+01 -0.26600286E-06 -0.24062946E+02
  0.66300000E+01 -0.31041186E-06 -0.24122852E+02
  0.66400000E+01 -0.36199276E-06 -0.24182917E+02
  0.66500000E+01 -0.42186233E-06 -0.24243143E+02
  0.66600000E+01 -0.49130428E-06 -0.24303529E+02
  0.66700000E+01 -0.57179316E-06 -0.24364078E+02
  0.66800000E+01 -0.66502144E-06 -0.24424789E+02
  0.66900000E+01 -0.77293021E-06 -0.24485664E+02
  0.67000000E+01 -0.89774403E-06 -0.24546704E+02
  0.67100000E+01 -0.10420104E-05 -0.24607909E+02
  0.67200000E+01 -0.12086442E-05 -0.24669280E+02
  0.67300000E+01 -0.14009785E-05 -0.24730818E+02
  0.67400000E+01 -0.16228212E-05 -0.24792525E+02
  0.67500000E+01 -0.18785197E-05 -0.24854401E+02
  0.67600000E+01 -0.21730332E-05 -0.24916447E+02
  0.67700000E+01 -0.25120144E-05 -0.24978664E+02
  0.67800000E+01 -0.29019017E-05 -0.25041054E+02
  0.67900000E+01 -0.33500223E-05 -0.25103616E+02
  0.68000000E+01 -0.38647089E-05 -0.25166352E+02
  0.68100000E+01 -0.44554295E-05 -0.25229263E+02
  0.68200000E+01 -0.51329345E-05 -0.25292349E+02
  0.68300000E+01 -0.59094199E-05 -0.25355613E+02
  0.68400000E+01 -0.67987110E-05 -0.25419055E+02
  0.68500000E+01 -0.78164681E-05 -0.25482675E+02
  0.68600000E+01 -0.89804150E-05 -0.25546475E+02
  0.68700000E+01 -0.10310596E-04 -0.25610457E+02
  0.68800000E+01 -0.11829659E-04 -0.25674620E+02
  0.68900000E+01 -0.13563177E-04 -0.25738967E+02
  0.69000000E+01 -0.15540000E-04 -0.25803497E+02
  0.69100000E+01 -0.17792648E-04 -0.25868213E+02
  0.69200000E+01 -0.20357749E-04 -0.25933115E+02
  0.69300000E+01 -0.23276526E-04 -0.25998204E+02
  0.69400000E+01 -0.26595331E-04 -0.26063482E+02
  0.69500000E+01 -0.30366246E-04 -0.26128949E+02
  0.69600000E+01 -0.34647737E-04 -0.26194607E+02
  0.69700000E+01 -0.39505388E-04 -0.26260457E+02
  0.69800000E+01 -0.45012702E-04 -0.26326499E+02
  0.69900000E+01 -0.51251989E-04 -0.26392736E+02
  0.70000000E+01 -0.58315348E-04 -0.26459168E+02
