  0.00000000E+00 -0.21237070E+02
  0.85001566E-02 -0.21236849E+02
  0.17000313E-01 -0.21236210E+02
  0.25500470E-01 -0.21235155E+02
  0.34000627E-01 -0.21233683E+02
  0.42500783E-01 -0.21231795E+02
  0.51000940E-01 -0.21229490E+02
  0.59501096E-01 -0.21226770E+02
  0.68001253E-01 -0.21223635E+02
  0.76501410E-01 -0.21220086E+02
  0.85001566E-01 -0.21216122E+02
  0.93501723E-01 -0.21211745E+02
  0.10200188E+00 -0.21206956E+02
  0.11050204E+00 -0.21201753E+02
  0.11900219E+00 -0.21196140E+02
  0.12750235E+00 -0.21190115E+02
  0.13600251E+00 -0.21183679E+02
  0.14450266E+00 -0.21176833E+02
  0.15300282E+00 -0.21169578E+02
  0.16150298E+00 -0.21161914E+02
  0.17000313E+00 -0.21153841E+02
  0.17850329E+00 -0.21145360E+02
  0.18700345E+00 -0.21136471E+02
  0.19550360E+00 -0.21127174E+02
  0.20400376E+00 -0.21117469E+02
  0.21250392E+00 -0.21107358E+02
  0.22100407E+00 -0.21096840E+02
  0.22950423E+00 -0.21085914E+02
  0.23800439E+00 -0.21074583E+02
  0.24650454E+00 -0.21062844E+02
  0.25500470E+00 -0.21050699E+02
  0.26350486E+00 -0.21038148E+02
  0.27200501E+00 -0.21025190E+02
  0.28050517E+00 -0.21011826E+02
  0.28900533E+00 -0.20998056E+02
  0.29750548E+00 -0.20983880E+02
  0.30600564E+00 -0.20969299E+02
  0.31450580E+00 -0.20954312E+02
  0.32300595E+00 -0.20938920E+02
  0.33150611E+00 -0.20923123E+02
  0.34000627E+00 -0.20906922E+02
  0.34850642E+00 -0.20890318E+02
  0.35700658E+00 -0.20873310E+02
  0.36550674E+00 -0.20855900E+02
  0.37400689E+00 -0.20838089E+02
  0.38250705E+00 -0.20819876E+02
  0.39100721E+00 -0.20801265E+02
  0.39950736E+00 -0.20782255E+02
  0.40800752E+00 -0.20762847E+02
  0.41650768E+00 -0.20743044E+02
  0.42500783E+00 -0.20722845E+02
  0.43350799E+00 -0.20702254E+02
  0.44200815E+00 -0.20681271E+02
  0.45050830E+00 -0.20659898E+02
  0.45900846E+00 -0.20638136E+02
  0.46750862E+00 -0.20615987E+02
  0.47600877E+00 -0.20593453E+02
  0.48450893E+00 -0.20570536E+02
  0.49300908E+00 -0.20547236E+02
  0.50150924E+00 -0.20523556E+02
  0.51000940E+00 -0.20499497E+02
  0.51850955E+00 -0.20475061E+02
  0.52700971E+00 -0.20450249E+02
  0.53550987E+00 -0.20425063E+02
  0.54401002E+00 -0.20399504E+02
  0.55251018E+00 -0.20373573E+02
  0.56101034E+00 -0.20347272E+02
  0.56951049E+00 -0.20320602E+02
  0.57801065E+00 -0.20293563E+02
  0.58651081E+00 -0.20266156E+02
  0.59501096E+00 -0.20238383E+02
  0.60351112E+00 -0.20210244E+02
  0.61201128E+00 -0.20181739E+02
  0.62051143E+00 -0.20152870E+02
  0.62901159E+00 -0.20123636E+02
  0.63751175E+00 -0.20094038E+02
  0.64601190E+00 -0.20064077E+02
  0.65451206E+00 -0.20033752E+02
  0.66301222E+00 -0.20003063E+02
  0.67151237E+00 -0.19972012E+02
  0.68001253E+00 -0.19940598E+02
  0.68851269E+00 -0.19908821E+02
  0.69701284E+00 -0.19876682E+02
  0.70551300E+00 -0.19844180E+02
  0.71401316E+00 -0.19811317E+02
  0.72251331E+00 -0.19778093E+02
  0.73101347E+00 -0.19744508E+02
  0.73951363E+00 -0.19710563E+02
  0.74801378E+00 -0.19676258E+02
  0.75651394E+00 -0.19641595E+02
  0.76501410E+00 -0.19606574E+02
  0.77351425E+00 -0.19571197E+02
  0.78201441E+00 -0.19535465E+02
  0.79051457E+00 -0.19499379E+02
  0.79901472E+00 -0.19462941E+02
  0.80751488E+00 -0.19426152E+02
  0.81601504E+00 -0.19389015E+02
  0.82451519E+00 -0.19351532E+02
  0.83301535E+00 -0.19313704E+02
  0.84151551E+00 -0.19275534E+02
  0.85001566E+00 -0.19237024E+02
  0.85851582E+00 -0.19198176E+02
  0.86701598E+00 -0.19158994E+02
  0.87551613E+00 -0.19119479E+02
  0.88401629E+00 -0.19079634E+02
  0.89251645E+00 -0.19039463E+02
  0.90101660E+00 -0.18998966E+02
  0.90951676E+00 -0.18958147E+02
  0.91801692E+00 -0.18917009E+02
  0.92651707E+00 -0.18875554E+02
  0.93501723E+00 -0.18833783E+02
  0.94351739E+00 -0.18791700E+02
  0.95201754E+00 -0.18749307E+02
  0.96051770E+00 -0.18706605E+02
  0.96901786E+00 -0.18663596E+02
  0.97751801E+00 -0.18620283E+02
  0.98601817E+00 -0.18576666E+02
  0.99451833E+00 -0.18532748E+02
  0.10030185E+01 -0.18488528E+02
  0.10115186E+01 -0.18444009E+02
  0.10200188E+01 -0.18399192E+02
  0.10285190E+01 -0.18354076E+02
  0.10370191E+01 -0.18308664E+02
  0.10455193E+01 -0.18262955E+02
  0.10540194E+01 -0.18216950E+02
  0.10625196E+01 -0.18170649E+02
  0.10710197E+01 -0.18124053E+02
  0.10795199E+01 -0.18077163E+02
  0.10880200E+01 -0.18029977E+02
  0.10965202E+01 -0.17982498E+02
  0.11050204E+01 -0.17934725E+02
  0.11135205E+01 -0.17886659E+02
  0.11220207E+01 -0.17838301E+02
  0.11305208E+01 -0.17789650E+02
  0.11390210E+01 -0.17740710E+02
  0.11475211E+01 -0.17691480E+02
  0.11560213E+01 -0.17641962E+02
  0.11645215E+01 -0.17592158E+02
  0.11730216E+01 -0.17542069E+02
  0.11815218E+01 -0.17491699E+02
  0.11900219E+01 -0.17441050E+02
  0.11985221E+01 -0.17390124E+02
  0.12070222E+01 -0.17338926E+02
  0.12155224E+01 -0.17287458E+02
  0.12240226E+01 -0.17235724E+02
  0.12325227E+01 -0.17183730E+02
  0.12410229E+01 -0.17131480E+02
  0.12495230E+01 -0.17078979E+02
  0.12580232E+01 -0.17026232E+02
  0.12665233E+01 -0.16973245E+02
  0.12750235E+01 -0.16920025E+02
  0.12835237E+01 -0.16866578E+02
  0.12920238E+01 -0.16812910E+02
  0.13005240E+01 -0.16759029E+02
  0.13090241E+01 -0.16704943E+02
  0.13175243E+01 -0.16650658E+02
  0.13260244E+01 -0.16596183E+02
  0.13345246E+01 -0.16541526E+02
  0.13430247E+01 -0.16486695E+02
  0.13515249E+01 -0.16431700E+02
  0.13600251E+01 -0.16376550E+02
  0.13685252E+01 -0.16321253E+02
  0.13770254E+01 -0.16265821E+02
  0.13855255E+01 -0.16210262E+02
  0.13940257E+01 -0.16154588E+02
  0.14025258E+01 -0.16098810E+02
  0.14110260E+01 -0.16042940E+02
  0.14195262E+01 -0.15986990E+02
  0.14280263E+01 -0.15930974E+02
  0.14365265E+01 -0.15874905E+02
  0.14450266E+01 -0.15818800E+02
  0.14535268E+01 -0.15762674E+02
  0.14620269E+01 -0.15706545E+02
  0.14705271E+01 -0.15650434E+02
  0.14790273E+01 -0.15594360E+02
  0.14875274E+01 -0.15538348E+02
  0.14960276E+01 -0.15482424E+02
  0.15045277E+01 -0.15426615E+02
  0.15130279E+01 -0.15370954E+02
  0.15215280E+01 -0.15315474E+02
  0.15300282E+01 -0.15260215E+02
  0.15385284E+01 -0.15205218E+02
  0.15470285E+01 -0.15150531E+02
  0.15555287E+01 -0.15096205E+02
  0.15640288E+01 -0.15042297E+02
  0.15725290E+01 -0.14988871E+02
  0.15810291E+01 -0.14935994E+02
  0.15895293E+01 -0.14883743E+02
  0.15980294E+01 -0.14832199E+02
  0.16065296E+01 -0.14781451E+02
  0.16150298E+01 -0.14731597E+02
  0.16235299E+01 -0.14682739E+02
  0.16320301E+01 -0.14634988E+02
  0.16405302E+01 -0.14588460E+02
  0.16490304E+01 -0.14543277E+02
  0.16575305E+01 -0.14499567E+02
  0.16660307E+01 -0.14457458E+02
  0.16745309E+01 -0.14417083E+02
  0.16830310E+01 -0.14378578E+02
  0.16915312E+01 -0.14342102E+02
  0.17000313E+01 -0.14310713E+02
  0.17085315E+01 -0.14342746E+02
  0.17170316E+01 -0.14375584E+02
  0.17255318E+01 -0.14408127E+02
  0.17340320E+01 -0.14440354E+02
  0.17425321E+01 -0.14472260E+02
  0.17510323E+01 -0.14503845E+02
  0.17595324E+01 -0.14535107E+02
  0.17680326E+01 -0.14566047E+02
  0.17765327E+01 -0.14596663E+02
  0.17850329E+01 -0.14626956E+02
  0.17935331E+01 -0.14656925E+02
  0.18020332E+01 -0.14686570E+02
  0.18105334E+01 -0.14715892E+02
  0.18190335E+01 -0.14744890E+02
  0.18275337E+01 -0.14773563E+02
  0.18360338E+01 -0.14801913E+02
  0.18445340E+01 -0.14829937E+02
  0.18530341E+01 -0.14857637E+02
  0.18615343E+01 -0.14885011E+02
  0.18700345E+01 -0.14912060E+02
  0.18785346E+01 -0.14938784E+02
  0.18870348E+01 -0.14965181E+02
  0.18955349E+01 -0.14991252E+02
  0.19040351E+01 -0.15016996E+02
  0.19125352E+01 -0.15042414E+02
  0.19210354E+01 -0.15067504E+02
  0.19295356E+01 -0.15092266E+02
  0.19380357E+01 -0.15116701E+02
  0.19465359E+01 -0.15140807E+02
  0.19550360E+01 -0.15164584E+02
  0.19635362E+01 -0.15188032E+02
  0.19720363E+01 -0.15211151E+02
  0.19805365E+01 -0.15233941E+02
  0.19890367E+01 -0.15256400E+02
  0.19975368E+01 -0.15278529E+02
  0.20060370E+01 -0.15300327E+02
  0.20145371E+01 -0.15321794E+02
  0.20230373E+01 -0.15342929E+02
  0.20315374E+01 -0.15363733E+02
  0.20400376E+01 -0.15384204E+02
  0.20485377E+01 -0.15404343E+02
  0.20570379E+01 -0.15424149E+02
  0.20655381E+01 -0.15443622E+02
  0.20740382E+01 -0.15462761E+02
  0.20825384E+01 -0.15481566E+02
  0.20910385E+01 -0.15500037E+02
  0.20995387E+01 -0.15518173E+02
  0.21080388E+01 -0.15535974E+02
  0.21165390E+01 -0.15553439E+02
  0.21250392E+01 -0.15570568E+02
  0.21335393E+01 -0.15587361E+02
  0.21420395E+01 -0.15603817E+02
  0.21505396E+01 -0.15619935E+02
  0.21590398E+01 -0.15635717E+02
  0.21675399E+01 -0.15651160E+02
  0.21760401E+01 -0.15666265E+02
  0.21845403E+01 -0.15681031E+02
  0.21930404E+01 -0.15695458E+02
  0.22015406E+01 -0.15709546E+02
  0.22100407E+01 -0.15723294E+02
  0.22185409E+01 -0.15736702E+02
  0.22270410E+01 -0.15749770E+02
  0.22355412E+01 -0.15762496E+02
  0.22440414E+01 -0.15774883E+02
  0.22525415E+01 -0.15786928E+02
  0.22610417E+01 -0.15798631E+02
  0.22695418E+01 -0.15809994E+02
  0.22780420E+01 -0.15821014E+02
  0.22865421E+01 -0.15831694E+02
  0.22950423E+01 -0.15842031E+02
  0.23035424E+01 -0.15852028E+02
  0.23120426E+01 -0.15861682E+02
  0.23205428E+01 -0.15870995E+02
  0.23290429E+01 -0.15879966E+02
  0.23375431E+01 -0.15888597E+02
  0.23460432E+01 -0.15896886E+02
  0.23545434E+01 -0.15904834E+02
  0.23630435E+01 -0.15912442E+02
  0.23715437E+01 -0.15919708E+02
  0.23800439E+01 -0.15926635E+02
  0.23885440E+01 -0.15933222E+02
  0.23970442E+01 -0.15939469E+02
  0.24055443E+01 -0.15945377E+02
  0.24140445E+01 -0.15950946E+02
  0.24225446E+01 -0.15956176E+02
  0.24310448E+01 -0.15961067E+02
  0.24395450E+01 -0.15965621E+02
  0.24480451E+01 -0.15969836E+02
  0.24565453E+01 -0.15973714E+02
  0.24650454E+01 -0.15977255E+02
  0.24735456E+01 -0.15980458E+02
  0.24820457E+01 -0.15983325E+02
  0.24905459E+01 -0.15985855E+02
  0.24990461E+01 -0.15988048E+02
  0.25075462E+01 -0.15989904E+02
  0.25160464E+01 -0.15991424E+02
  0.25245465E+01 -0.15992608E+02
  0.25330467E+01 -0.15993455E+02
  0.25415468E+01 -0.15993966E+02
  0.25500470E+01 -0.15994140E+02
  0.25585573E+01 -0.15997098E+02
  0.25670676E+01 -0.16005965E+02
  0.25755779E+01 -0.16020492E+02
  0.25840883E+01 -0.16040298E+02
  0.25925986E+01 -0.16064911E+02
  0.26011089E+01 -0.16093815E+02
  0.26096192E+01 -0.16126487E+02
  0.26181295E+01 -0.16162426E+02
  0.26266399E+01 -0.16201169E+02
  0.26351502E+01 -0.16242300E+02
  0.26436605E+01 -0.16285452E+02
  0.26521708E+01 -0.16330308E+02
  0.26606811E+01 -0.16376594E+02
  0.26691915E+01 -0.16424077E+02
  0.26777018E+01 -0.16472554E+02
  0.26862121E+01 -0.16521857E+02
  0.26947224E+01 -0.16571839E+02
  0.27032327E+01 -0.16622374E+02
  0.27117430E+01 -0.16673358E+02
  0.27202534E+01 -0.16724696E+02
  0.27287637E+01 -0.16776310E+02
  0.27372740E+01 -0.16828132E+02
  0.27457843E+01 -0.16880101E+02
  0.27542946E+01 -0.16932165E+02
  0.27628050E+01 -0.16984279E+02
  0.27713153E+01 -0.17036402E+02
  0.27798256E+01 -0.17088499E+02
  0.27883359E+01 -0.17140539E+02
  0.27968462E+01 -0.17192493E+02
  0.28053565E+01 -0.17244337E+02
  0.28138669E+01 -0.17296048E+02
  0.28223772E+01 -0.17347607E+02
  0.28308875E+01 -0.17398996E+02
  0.28393978E+01 -0.17450197E+02
  0.28479081E+01 -0.17501198E+02
  0.28564185E+01 -0.17551984E+02
  0.28649288E+01 -0.17602544E+02
  0.28734391E+01 -0.17652867E+02
  0.28819494E+01 -0.17702943E+02
  0.28904597E+01 -0.17752763E+02
  0.28989701E+01 -0.17802319E+02
  0.29074804E+01 -0.17851604E+02
  0.29159907E+01 -0.17900612E+02
  0.29245010E+01 -0.17949336E+02
  0.29330113E+01 -0.17997771E+02
  0.29415216E+01 -0.18045912E+02
  0.29500320E+01 -0.18093755E+02
  0.29585423E+01 -0.18141295E+02
  0.29670526E+01 -0.18188529E+02
  0.29755629E+01 -0.18235455E+02
  0.29840732E+01 -0.18282068E+02
  0.29925836E+01 -0.18328366E+02
  0.30010939E+01 -0.18374348E+02
  0.30096042E+01 -0.18420009E+02
  0.30181145E+01 -0.18465350E+02
  0.30266248E+01 -0.18510367E+02
  0.30351352E+01 -0.18555059E+02
  0.30436455E+01 -0.18599425E+02
  0.30521558E+01 -0.18643463E+02
  0.30606661E+01 -0.18687171E+02
  0.30691764E+01 -0.18730548E+02
  0.30776867E+01 -0.18773593E+02
  0.30861971E+01 -0.18816304E+02
  0.30947074E+01 -0.18858680E+02
  0.31032177E+01 -0.18900720E+02
  0.31117280E+01 -0.18942422E+02
  0.31202383E+01 -0.18983785E+02
  0.31287487E+01 -0.19024808E+02
  0.31372590E+01 -0.19065488E+02
  0.31457693E+01 -0.19105825E+02
  0.31542796E+01 -0.19145818E+02
  0.31627899E+01 -0.19185464E+02
  0.31713002E+01 -0.19224762E+02
  0.31798106E+01 -0.19263710E+02
  0.31883209E+01 -0.19302308E+02
  0.31968312E+01 -0.19340553E+02
  0.32053415E+01 -0.19378445E+02
  0.32138518E+01 -0.19415980E+02
  0.32223622E+01 -0.19453159E+02
  0.32308725E+01 -0.19489980E+02
  0.32393828E+01 -0.19526440E+02
  0.32478931E+01 -0.19562540E+02
  0.32564034E+01 -0.19598277E+02
  0.32649138E+01 -0.19633650E+02
  0.32734241E+01 -0.19668659E+02
  0.32819344E+01 -0.19703301E+02
  0.32904447E+01 -0.19737577E+02
  0.32989550E+01 -0.19771485E+02
  0.33074653E+01 -0.19805024E+02
  0.33159757E+01 -0.19838193E+02
  0.33244860E+01 -0.19870993E+02
  0.33329963E+01 -0.19903421E+02
  0.33415066E+01 -0.19935478E+02
  0.33500169E+01 -0.19967162E+02
  0.33585273E+01 -0.19998474E+02
  0.33670376E+01 -0.20029413E+02
  0.33755479E+01 -0.20059979E+02
  0.33840582E+01 -0.20090171E+02
  0.33925685E+01 -0.20119988E+02
  0.34010789E+01 -0.20149431E+02
  0.34095892E+01 -0.20178499E+02
  0.34180995E+01 -0.20207191E+02
  0.34266098E+01 -0.20235508E+02
  0.34351201E+01 -0.20263448E+02
  0.34436304E+01 -0.20291011E+02
  0.34521408E+01 -0.20318197E+02
  0.34606511E+01 -0.20345005E+02
  0.34691614E+01 -0.20371434E+02
  0.34776717E+01 -0.20397484E+02
  0.34861820E+01 -0.20423154E+02
  0.34946924E+01 -0.20448443E+02
  0.35032027E+01 -0.20473350E+02
  0.35117130E+01 -0.20497874E+02
  0.35202233E+01 -0.20522014E+02
  0.35287336E+01 -0.20545769E+02
  0.35372439E+01 -0.20569139E+02
  0.35457543E+01 -0.20592121E+02
  0.35542646E+01 -0.20614715E+02
  0.35627749E+01 -0.20636919E+02
  0.35712852E+01 -0.20658733E+02
  0.35797955E+01 -0.20680155E+02
  0.35883059E+01 -0.20701184E+02
  0.35968162E+01 -0.20721819E+02
  0.36053265E+01 -0.20742058E+02
  0.36138368E+01 -0.20761901E+02
  0.36223471E+01 -0.20781346E+02
  0.36308575E+01 -0.20800393E+02
  0.36393678E+01 -0.20819040E+02
  0.36478781E+01 -0.20837286E+02
  0.36563884E+01 -0.20855132E+02
  0.36648987E+01 -0.20872575E+02
  0.36734090E+01 -0.20889615E+02
  0.36819194E+01 -0.20906252E+02
  0.36904297E+01 -0.20922485E+02
  0.36989400E+01 -0.20938314E+02
  0.37074503E+01 -0.20953737E+02
  0.37159606E+01 -0.20968755E+02
  0.37244710E+01 -0.20983367E+02
  0.37329813E+01 -0.20997573E+02
  0.37414916E+01 -0.21011373E+02
  0.37500019E+01 -0.21024767E+02
  0.37585122E+01 -0.21037754E+02
  0.37670226E+01 -0.21050334E+02
  0.37755329E+01 -0.21062507E+02
  0.37840432E+01 -0.21074273E+02
  0.37925535E+01 -0.21085632E+02
  0.38010638E+01 -0.21096583E+02
  0.38095741E+01 -0.21107126E+02
  0.38180845E+01 -0.21117262E+02
  0.38265948E+01 -0.21126989E+02
  0.38351051E+01 -0.21136308E+02
  0.38436154E+01 -0.21145219E+02
  0.38521257E+01 -0.21153720E+02
  0.38606361E+01 -0.21161812E+02
  0.38691464E+01 -0.21169493E+02
  0.38776567E+01 -0.21176765E+02
  0.38861670E+01 -0.21183626E+02
  0.38946773E+01 -0.21190075E+02
  0.39031876E+01 -0.21196112E+02
  0.39116980E+01 -0.21201737E+02
  0.39202083E+01 -0.21206948E+02
  0.39287186E+01 -0.21211746E+02
  0.39372289E+01 -0.21216130E+02
  0.39457392E+01 -0.21220098E+02
  0.39542496E+01 -0.21223652E+02
  0.39627599E+01 -0.21226789E+02
  0.39712702E+01 -0.21229510E+02
  0.39797805E+01 -0.21231814E+02
  0.39882908E+01 -0.21233701E+02
  0.39968012E+01 -0.21235170E+02
  0.40053115E+01 -0.21236221E+02
  0.40138218E+01 -0.21236855E+02
  0.40223321E+01 -0.21237070E+02
  
  0.00000000E+00 -0.89080186E+01
  0.85001566E-02 -0.89078088E+01
  0.17000313E-01 -0.89071792E+01
  0.25500470E-01 -0.89061301E+01
  0.34000627E-01 -0.89046617E+01
  0.42500783E-01 -0.89027744E+01
  0.51000940E-01 -0.89004687E+01
  0.59501096E-01 -0.88977451E+01
  0.68001253E-01 -0.88946041E+01
  0.76501410E-01 -0.88910464E+01
  0.85001566E-01 -0.88870728E+01
  0.93501723E-01 -0.88826839E+01
  0.10200188E+00 -0.88778807E+01
  0.11050204E+00 -0.88726638E+01
  0.11900219E+00 -0.88670340E+01
  0.12750235E+00 -0.88609921E+01
  0.13600251E+00 -0.88545388E+01
  0.14450266E+00 -0.88476748E+01
  0.15300282E+00 -0.88404008E+01
  0.16150298E+00 -0.88327172E+01
  0.17000313E+00 -0.88246248E+01
  0.17850329E+00 -0.88161237E+01
  0.18700345E+00 -0.88072145E+01
  0.19550360E+00 -0.87978974E+01
  0.20400376E+00 -0.87881725E+01
  0.21250392E+00 -0.87780399E+01
  0.22100407E+00 -0.87674997E+01
  0.22950423E+00 -0.87565519E+01
  0.23800439E+00 -0.87451962E+01
  0.24650454E+00 -0.87334325E+01
  0.25500470E+00 -0.87212607E+01
  0.26350486E+00 -0.87086803E+01
  0.27200501E+00 -0.86956913E+01
  0.28050517E+00 -0.86822932E+01
  0.28900533E+00 -0.86684858E+01
  0.29750548E+00 -0.86542689E+01
  0.30600564E+00 -0.86396423E+01
  0.31450580E+00 -0.86246058E+01
  0.32300595E+00 -0.86091593E+01
  0.33150611E+00 -0.85933030E+01
  0.34000627E+00 -0.85770368E+01
  0.34850642E+00 -0.85603610E+01
  0.35700658E+00 -0.85432759E+01
  0.36550674E+00 -0.85257820E+01
  0.37400689E+00 -0.85078799E+01
  0.38250705E+00 -0.84895703E+01
  0.39100721E+00 -0.84708541E+01
  0.39950736E+00 -0.84517322E+01
  0.40800752E+00 -0.84322058E+01
  0.41650768E+00 -0.84122762E+01
  0.42500783E+00 -0.83919446E+01
  0.43350799E+00 -0.83712126E+01
  0.44200815E+00 -0.83500816E+01
  0.45050830E+00 -0.83285533E+01
  0.45900846E+00 -0.83066294E+01
  0.46750862E+00 -0.82843114E+01
  0.47600877E+00 -0.82616011E+01
  0.48450893E+00 -0.82385003E+01
  0.49300908E+00 -0.82150105E+01
  0.50150924E+00 -0.81911333E+01
  0.51000940E+00 -0.81668703E+01
  0.51850955E+00 -0.81422230E+01
  0.52700971E+00 -0.81171925E+01
  0.53550987E+00 -0.80917802E+01
  0.54401002E+00 -0.80659871E+01
  0.55251018E+00 -0.80398140E+01
  0.56101034E+00 -0.80132617E+01
  0.56951049E+00 -0.79863307E+01
  0.57801065E+00 -0.79590214E+01
  0.58651081E+00 -0.79313339E+01
  0.59501096E+00 -0.79032682E+01
  0.60351112E+00 -0.78748241E+01
  0.61201128E+00 -0.78460013E+01
  0.62051143E+00 -0.78167993E+01
  0.62901159E+00 -0.77872173E+01
  0.63751175E+00 -0.77572546E+01
  0.64601190E+00 -0.78155684E+01
  0.65451206E+00 -0.78813357E+01
  0.66301222E+00 -0.79473011E+01
  0.67151237E+00 -0.80134449E+01
  0.68001253E+00 -0.80797475E+01
  0.68851269E+00 -0.81461893E+01
  0.69701284E+00 -0.82127508E+01
  0.70551300E+00 -0.82794122E+01
  0.71401316E+00 -0.83461542E+01
  0.72251331E+00 -0.84129571E+01
  0.73101347E+00 -0.84798015E+01
  0.73951363E+00 -0.85466682E+01
  0.74801378E+00 -0.86135378E+01
  0.75651394E+00 -0.86803913E+01
  0.76501410E+00 -0.87472098E+01
  0.77351425E+00 -0.88139743E+01
  0.78201441E+00 -0.88806665E+01
  0.79051457E+00 -0.89472679E+01
  0.79901472E+00 -0.90137605E+01
  0.80751488E+00 -0.90801266E+01
  0.81601504E+00 -0.91463486E+01
  0.82451519E+00 -0.92124096E+01
  0.83301535E+00 -0.92782928E+01
  0.84151551E+00 -0.93439820E+01
  0.85001566E+00 -0.94094614E+01
  0.85851582E+00 -0.94747157E+01
  0.86701598E+00 -0.95397301E+01
  0.87551613E+00 -0.96044904E+01
  0.88401629E+00 -0.96689830E+01
  0.89251645E+00 -0.97331948E+01
  0.90101660E+00 -0.97971135E+01
  0.90951676E+00 -0.98607274E+01
  0.91801692E+00 -0.99240255E+01
  0.92651707E+00 -0.99869974E+01
  0.93501723E+00 -0.10049634E+02
  0.94351739E+00 -0.10111925E+02
  0.95201754E+00 -0.10173864E+02
  0.96051770E+00 -0.10235443E+02
  0.96901786E+00 -0.10296656E+02
  0.97751801E+00 -0.10357496E+02
  0.98601817E+00 -0.10417960E+02
  0.99451833E+00 -0.10478041E+02
  0.10030185E+01 -0.10537738E+02
  0.10115186E+01 -0.10597046E+02
  0.10200188E+01 -0.10655965E+02
  0.10285190E+01 -0.10714493E+02
  0.10370191E+01 -0.10772629E+02
  0.10455193E+01 -0.10830373E+02
  0.10540194E+01 -0.10887726E+02
  0.10625196E+01 -0.10944689E+02
  0.10710197E+01 -0.11001264E+02
  0.10795199E+01 -0.11057452E+02
  0.10880200E+01 -0.11113258E+02
  0.10965202E+01 -0.11168684E+02
  0.11050204E+01 -0.11223733E+02
  0.11135205E+01 -0.11278410E+02
  0.11220207E+01 -0.11332719E+02
  0.11305208E+01 -0.11386664E+02
  0.11390210E+01 -0.11440251E+02
  0.11475211E+01 -0.11493483E+02
  0.11560213E+01 -0.11546366E+02
  0.11645215E+01 -0.11598906E+02
  0.11730216E+01 -0.11651107E+02
  0.11815218E+01 -0.11702974E+02
  0.11900219E+01 -0.11754513E+02
  0.11985221E+01 -0.11805729E+02
  0.12070222E+01 -0.11856625E+02
  0.12155224E+01 -0.11907208E+02
  0.12240226E+01 -0.11957482E+02
  0.12325227E+01 -0.12007450E+02
  0.12410229E+01 -0.12057118E+02
  0.12495230E+01 -0.12106488E+02
  0.12580232E+01 -0.12155565E+02
  0.12665233E+01 -0.12204351E+02
  0.12750235E+01 -0.12252850E+02
  0.12835237E+01 -0.12301064E+02
  0.12920238E+01 -0.12348995E+02
  0.13005240E+01 -0.12396645E+02
  0.13090241E+01 -0.12444015E+02
  0.13175243E+01 -0.12491108E+02
  0.13260244E+01 -0.12537924E+02
  0.13345246E+01 -0.12584463E+02
  0.13430247E+01 -0.12630726E+02
  0.13515249E+01 -0.12676712E+02
  0.13600251E+01 -0.12722423E+02
  0.13685252E+01 -0.12767856E+02
  0.13770254E+01 -0.12813011E+02
  0.13855255E+01 -0.12857887E+02
  0.13940257E+01 -0.12902484E+02
  0.14025258E+01 -0.12946799E+02
  0.14110260E+01 -0.12990831E+02
  0.14195262E+01 -0.13034578E+02
  0.14280263E+01 -0.13078039E+02
  0.14365265E+01 -0.13121211E+02
  0.14450266E+01 -0.13164093E+02
  0.14535268E+01 -0.13206683E+02
  0.14620269E+01 -0.13248979E+02
  0.14705271E+01 -0.13290978E+02
  0.14790273E+01 -0.13332679E+02
  0.14875274E+01 -0.13374080E+02
  0.14960276E+01 -0.13415179E+02
  0.15045277E+01 -0.13455973E+02
  0.15130279E+01 -0.13496462E+02
  0.15215280E+01 -0.13536644E+02
  0.15300282E+01 -0.13576516E+02
  0.15385284E+01 -0.13616078E+02
  0.15470285E+01 -0.13655327E+02
  0.15555287E+01 -0.13694264E+02
  0.15640288E+01 -0.13732886E+02
  0.15725290E+01 -0.13771193E+02
  0.15810291E+01 -0.13809183E+02
  0.15895293E+01 -0.13846857E+02
  0.15980294E+01 -0.13884212E+02
  0.16065296E+01 -0.13921249E+02
  0.16150298E+01 -0.13957968E+02
  0.16235299E+01 -0.13994366E+02
  0.16320301E+01 -0.14030445E+02
  0.16405302E+01 -0.14066204E+02
  0.16490304E+01 -0.14101643E+02
  0.16575305E+01 -0.14136760E+02
  0.16660307E+01 -0.14171554E+02
  0.16745309E+01 -0.14206024E+02
  0.16830310E+01 -0.14240162E+02
  0.16915312E+01 -0.14273930E+02
  0.17000313E+01 -0.14304386E+02
  0.17085315E+01 -0.14273312E+02
  0.17170316E+01 -0.14243414E+02
  0.17255318E+01 -0.14215864E+02
  0.17340320E+01 -0.14190733E+02
  0.17425321E+01 -0.14168055E+02
  0.17510323E+01 -0.14147836E+02
  0.17595324E+01 -0.14130056E+02
  0.17680326E+01 -0.14114674E+02
  0.17765327E+01 -0.14101624E+02
  0.17850329E+01 -0.14090822E+02
  0.17935331E+01 -0.14082167E+02
  0.18020332E+01 -0.14075547E+02
  0.18105334E+01 -0.14070838E+02
  0.18190335E+01 -0.14067912E+02
  0.18275337E+01 -0.14066637E+02
  0.18360338E+01 -0.14066882E+02
  0.18445340E+01 -0.14068517E+02
  0.18530341E+01 -0.14071416E+02
  0.18615343E+01 -0.14075460E+02
  0.18700345E+01 -0.14080535E+02
  0.18785346E+01 -0.14086534E+02
  0.18870348E+01 -0.14093358E+02
  0.18955349E+01 -0.14100915E+02
  0.19040351E+01 -0.14109119E+02
  0.19125352E+01 -0.14117894E+02
  0.19210354E+01 -0.14127167E+02
  0.19295356E+01 -0.14136875E+02
  0.19380357E+01 -0.14146958E+02
  0.19465359E+01 -0.14157362E+02
  0.19550360E+01 -0.14168039E+02
  0.19635362E+01 -0.14178944E+02
  0.19720363E+01 -0.14190038E+02
  0.19805365E+01 -0.14201283E+02
  0.19890367E+01 -0.14212647E+02
  0.19975368E+01 -0.14224100E+02
  0.20060370E+01 -0.14235613E+02
  0.20145371E+01 -0.14247162E+02
  0.20230373E+01 -0.14258724E+02
  0.20315374E+01 -0.14270277E+02
  0.20400376E+01 -0.14281804E+02
  0.20485377E+01 -0.14293285E+02
  0.20570379E+01 -0.14304704E+02
  0.20655381E+01 -0.14316047E+02
  0.20740382E+01 -0.14327300E+02
  0.20825384E+01 -0.14338450E+02
  0.20910385E+01 -0.14349485E+02
  0.20995387E+01 -0.14360395E+02
  0.21080388E+01 -0.14371169E+02
  0.21165390E+01 -0.14381798E+02
  0.21250392E+01 -0.14392274E+02
  0.21335393E+01 -0.14402588E+02
  0.21420395E+01 -0.14412735E+02
  0.21505396E+01 -0.14422706E+02
  0.21590398E+01 -0.14432497E+02
  0.21675399E+01 -0.14442102E+02
  0.21760401E+01 -0.14451516E+02
  0.21845403E+01 -0.14460734E+02
  0.21930404E+01 -0.14469753E+02
  0.22015406E+01 -0.14478570E+02
  0.22100407E+01 -0.14487181E+02
  0.22185409E+01 -0.14495583E+02
  0.22270410E+01 -0.14503776E+02
  0.22355412E+01 -0.14511756E+02
  0.22440414E+01 -0.14519522E+02
  0.22525415E+01 -0.14527073E+02
  0.22610417E+01 -0.14534408E+02
  0.22695418E+01 -0.14541526E+02
  0.22780420E+01 -0.14548427E+02
  0.22865421E+01 -0.14555110E+02
  0.22950423E+01 -0.14561576E+02
  0.23035424E+01 -0.14567823E+02
  0.23120426E+01 -0.14573853E+02
  0.23205428E+01 -0.14579666E+02
  0.23290429E+01 -0.14585262E+02
  0.23375431E+01 -0.14590640E+02
  0.23460432E+01 -0.14595803E+02
  0.23545434E+01 -0.14600749E+02
  0.23630435E+01 -0.14605481E+02
  0.23715437E+01 -0.14609997E+02
  0.23800439E+01 -0.14614298E+02
  0.23885440E+01 -0.14618386E+02
  0.23970442E+01 -0.14622260E+02
  0.24055443E+01 -0.14625920E+02
  0.24140445E+01 -0.14629368E+02
  0.24225446E+01 -0.14632603E+02
  0.24310448E+01 -0.14635626E+02
  0.24395450E+01 -0.14638437E+02
  0.24480451E+01 -0.14641037E+02
  0.24565453E+01 -0.14643424E+02
  0.24650454E+01 -0.14645601E+02
  0.24735456E+01 -0.14647566E+02
  0.24820457E+01 -0.14649320E+02
  0.24905459E+01 -0.14650864E+02
  0.24990461E+01 -0.14652196E+02
  0.25075462E+01 -0.14653319E+02
  0.25160464E+01 -0.14654231E+02
  0.25245465E+01 -0.14654932E+02
  0.25330467E+01 -0.14655424E+02
  0.25415468E+01 -0.14655706E+02
  0.25500470E+01 -0.14655777E+02
  0.25585573E+01 -0.14652517E+02
  0.25670676E+01 -0.14642738E+02
  0.25755779E+01 -0.14626691E+02
  0.25840883E+01 -0.14604757E+02
  0.25925986E+01 -0.14577408E+02
  0.26011089E+01 -0.14545159E+02
  0.26096192E+01 -0.14508532E+02
  0.26181295E+01 -0.14468030E+02
  0.26266399E+01 -0.14424114E+02
  0.26351502E+01 -0.14377200E+02
  0.26436605E+01 -0.14327655E+02
  0.26521708E+01 -0.14275794E+02
  0.26606811E+01 -0.14221891E+02
  0.26691915E+01 -0.14166180E+02
  0.26777018E+01 -0.14108861E+02
  0.26862121E+01 -0.14050102E+02
  0.26947224E+01 -0.13990050E+02
  0.27032327E+01 -0.13928827E+02
  0.27117430E+01 -0.13866541E+02
  0.27202534E+01 -0.13803282E+02
  0.27287637E+01 -0.13739128E+02
  0.27372740E+01 -0.13674147E+02
  0.27457843E+01 -0.13608398E+02
  0.27542946E+01 -0.13541932E+02
  0.27628050E+01 -0.13474794E+02
  0.27713153E+01 -0.13407022E+02
  0.27798256E+01 -0.13338653E+02
  0.27883359E+01 -0.13269716E+02
  0.27968462E+01 -0.13200239E+02
  0.28053565E+01 -0.13130246E+02
  0.28138669E+01 -0.13059760E+02
  0.28223772E+01 -0.12988800E+02
  0.28308875E+01 -0.12917385E+02
  0.28393978E+01 -0.12845531E+02
  0.28479081E+01 -0.12773255E+02
  0.28564185E+01 -0.12700570E+02
  0.28649288E+01 -0.12627490E+02
  0.28734391E+01 -0.12554027E+02
  0.28819494E+01 -0.12480195E+02
  0.28904597E+01 -0.12406004E+02
  0.28989701E+01 -0.12331466E+02
  0.29074804E+01 -0.12256591E+02
  0.29159907E+01 -0.12181391E+02
  0.29245010E+01 -0.12105876E+02
  0.29330113E+01 -0.12030056E+02
  0.29415216E+01 -0.11953942E+02
  0.29500320E+01 -0.11877545E+02
  0.29585423E+01 -0.11800874E+02
  0.29670526E+01 -0.11723940E+02
  0.29755629E+01 -0.11646754E+02
  0.29840732E+01 -0.11569327E+02
  0.29925836E+01 -0.11491669E+02
  0.30010939E+01 -0.11413791E+02
  0.30096042E+01 -0.11335706E+02
  0.30181145E+01 -0.11257423E+02
  0.30266248E+01 -0.11178956E+02
  0.30351352E+01 -0.11100315E+02
  0.30436455E+01 -0.11021513E+02
  0.30521558E+01 -0.10942562E+02
  0.30606661E+01 -0.10863475E+02
  0.30691764E+01 -0.10784264E+02
  0.30776867E+01 -0.10704942E+02
  0.30861971E+01 -0.10625522E+02
  0.30947074E+01 -0.10546019E+02
  0.31032177E+01 -0.10466445E+02
  0.31117280E+01 -0.10386815E+02
  0.31202383E+01 -0.10307141E+02
  0.31287487E+01 -0.10227440E+02
  0.31372590E+01 -0.10147725E+02
  0.31457693E+01 -0.10068010E+02
  0.31542796E+01 -0.99883119E+01
  0.31627899E+01 -0.99086444E+01
  0.31713002E+01 -0.98290232E+01
  0.31798106E+01 -0.97494637E+01
  0.31883209E+01 -0.96699817E+01
  0.31968312E+01 -0.95905930E+01
  0.32053415E+01 -0.95113137E+01
  0.32138518E+01 -0.94321601E+01
  0.32223622E+01 -0.93531484E+01
  0.32308725E+01 -0.92742953E+01
  0.32393828E+01 -0.91956174E+01
  0.32478931E+01 -0.91171315E+01
  0.32564034E+01 -0.90388546E+01
  0.32649138E+01 -0.89608036E+01
  0.32734241E+01 -0.88829959E+01
  0.32819344E+01 -0.88054484E+01
  0.32904447E+01 -0.87281786E+01
  0.32989550E+01 -0.86512038E+01
  0.33074653E+01 -0.85745414E+01
  0.33159757E+01 -0.84982087E+01
  0.33244860E+01 -0.84222231E+01
  0.33329963E+01 -0.83466021E+01
  0.33415066E+01 -0.82713631E+01
  0.33500169E+01 -0.81965232E+01
  0.33585273E+01 -0.81220998E+01
  0.33670376E+01 -0.80481100E+01
  0.33755479E+01 -0.79745709E+01
  0.33840582E+01 -0.79014994E+01
  0.33925685E+01 -0.78289125E+01
  0.34010789E+01 -0.78139637E+01
  0.34095892E+01 -0.78432698E+01
  0.34180995E+01 -0.78721997E+01
  0.34266098E+01 -0.79007529E+01
  0.34351201E+01 -0.79289290E+01
  0.34436304E+01 -0.79567272E+01
  0.34521408E+01 -0.79841467E+01
  0.34606511E+01 -0.80111866E+01
  0.34691614E+01 -0.80378459E+01
  0.34776717E+01 -0.80641235E+01
  0.34861820E+01 -0.80900182E+01
  0.34946924E+01 -0.81155285E+01
  0.35032027E+01 -0.81406530E+01
  0.35117130E+01 -0.81653903E+01
  0.35202233E+01 -0.81897388E+01
  0.35287336E+01 -0.82136969E+01
  0.35372439E+01 -0.82372629E+01
  0.35457543E+01 -0.82604351E+01
  0.35542646E+01 -0.82832120E+01
  0.35627749E+01 -0.83055920E+01
  0.35712852E+01 -0.83275733E+01
  0.35797955E+01 -0.83491546E+01
  0.35883059E+01 -0.83703343E+01
  0.35968162E+01 -0.83911110E+01
  0.36053265E+01 -0.84114835E+01
  0.36138368E+01 -0.84314507E+01
  0.36223471E+01 -0.84510113E+01
  0.36308575E+01 -0.84701646E+01
  0.36393678E+01 -0.84889096E+01
  0.36478781E+01 -0.85072457E+01
  0.36563884E+01 -0.85251723E+01
  0.36648987E+01 -0.85426890E+01
  0.36734090E+01 -0.85597954E+01
  0.36819194E+01 -0.85764914E+01
  0.36904297E+01 -0.85927769E+01
  0.36989400E+01 -0.86086518E+01
  0.37074503E+01 -0.86241162E+01
  0.37159606E+01 -0.86391703E+01
  0.37244710E+01 -0.86538144E+01
  0.37329813E+01 -0.86680486E+01
  0.37414916E+01 -0.86818733E+01
  0.37500019E+01 -0.86952888E+01
  0.37585122E+01 -0.87082953E+01
  0.37670226E+01 -0.87208933E+01
  0.37755329E+01 -0.87330830E+01
  0.37840432E+01 -0.87448646E+01
  0.37925535E+01 -0.87562384E+01
  0.38010638E+01 -0.87672044E+01
  0.38095741E+01 -0.87777627E+01
  0.38180845E+01 -0.87879134E+01
  0.38265948E+01 -0.87976563E+01
  0.38351051E+01 -0.88069913E+01
  0.38436154E+01 -0.88159181E+01
  0.38521257E+01 -0.88244363E+01
  0.38606361E+01 -0.88325456E+01
  0.38691464E+01 -0.88402455E+01
  0.38776567E+01 -0.88475353E+01
  0.38861670E+01 -0.88544144E+01
  0.38946773E+01 -0.88608821E+01
  0.39031876E+01 -0.88669378E+01
  0.39116980E+01 -0.88725805E+01
  0.39202083E+01 -0.88778095E+01
  0.39287186E+01 -0.88826240E+01
  0.39372289E+01 -0.88870231E+01
  0.39457392E+01 -0.88910061E+01
  0.39542496E+01 -0.88945722E+01
  0.39627599E+01 -0.88977206E+01
  0.39712702E+01 -0.89004508E+01
  0.39797805E+01 -0.89027620E+01
  0.39882908E+01 -0.89046538E+01
  0.39968012E+01 -0.89061256E+01
  0.40053115E+01 -0.89071772E+01
  0.40138218E+01 -0.89078083E+01
  0.40223321E+01 -0.89080186E+01
  
  0.00000000E+00 -0.47884148E+01
  0.85001566E-02 -0.47890388E+01
  0.17000313E-01 -0.47909168E+01
  0.25500470E-01 -0.47940479E+01
  0.34000627E-01 -0.47984311E+01
  0.42500783E-01 -0.48040646E+01
  0.51000940E-01 -0.48109466E+01
  0.59501096E-01 -0.48190744E+01
  0.68001253E-01 -0.48284451E+01
  0.76501410E-01 -0.48390555E+01
  0.85001566E-01 -0.48509015E+01
  0.93501723E-01 -0.48639790E+01
  0.10200188E+00 -0.48782832E+01
  0.11050204E+00 -0.48938090E+01
  0.11900219E+00 -0.49105507E+01
  0.12750235E+00 -0.49285022E+01
  0.13600251E+00 -0.49476570E+01
  0.14450266E+00 -0.49680081E+01
  0.15300282E+00 -0.49895480E+01
  0.16150298E+00 -0.50122688E+01
  0.17000313E+00 -0.50361622E+01
  0.17850329E+00 -0.50612192E+01
  0.18700345E+00 -0.50874305E+01
  0.19550360E+00 -0.51147865E+01
  0.20400376E+00 -0.51432768E+01
  0.21250392E+00 -0.51728908E+01
  0.22100407E+00 -0.52036174E+01
  0.22950423E+00 -0.52354450E+01
  0.23800439E+00 -0.52683617E+01
  0.24650454E+00 -0.53023549E+01
  0.25500470E+00 -0.53374119E+01
  0.26350486E+00 -0.53735193E+01
  0.27200501E+00 -0.54106636E+01
  0.28050517E+00 -0.54488305E+01
  0.28900533E+00 -0.54880058E+01
  0.29750548E+00 -0.55281745E+01
  0.30600564E+00 -0.55693216E+01
  0.31450580E+00 -0.56114314E+01
  0.32300595E+00 -0.56544881E+01
  0.33150611E+00 -0.56984757E+01
  0.34000627E+00 -0.57433775E+01
  0.34850642E+00 -0.57891770E+01
  0.35700658E+00 -0.58358571E+01
  0.36550674E+00 -0.58834005E+01
  0.37400689E+00 -0.59317898E+01
  0.38250705E+00 -0.59810073E+01
  0.39100721E+00 -0.60310351E+01
  0.39950736E+00 -0.60818551E+01
  0.40800752E+00 -0.61334491E+01
  0.41650768E+00 -0.61857988E+01
  0.42500783E+00 -0.62388856E+01
  0.43350799E+00 -0.62926908E+01
  0.44200815E+00 -0.63471958E+01
  0.45050830E+00 -0.64023818E+01
  0.45900846E+00 -0.64582298E+01
  0.46750862E+00 -0.65147208E+01
  0.47600877E+00 -0.65718358E+01
  0.48450893E+00 -0.66295557E+01
  0.49300908E+00 -0.66878615E+01
  0.50150924E+00 -0.67467338E+01
  0.51000940E+00 -0.68061536E+01
  0.51850955E+00 -0.68661016E+01
  0.52700971E+00 -0.69265585E+01
  0.53550987E+00 -0.69875052E+01
  0.54401002E+00 -0.70489222E+01
  0.55251018E+00 -0.71107903E+01
  0.56101034E+00 -0.71730902E+01
  0.56951049E+00 -0.72358025E+01
  0.57801065E+00 -0.72989078E+01
  0.58651081E+00 -0.73623868E+01
  0.59501096E+00 -0.74262201E+01
  0.60351112E+00 -0.74903881E+01
  0.61201128E+00 -0.75548715E+01
  0.62051143E+00 -0.76196508E+01
  0.62901159E+00 -0.76847064E+01
  0.63751175E+00 -0.77500188E+01
  0.64601190E+00 -0.77269103E+01
  0.65451206E+00 -0.76961835E+01
  0.66301222E+00 -0.76650731E+01
  0.67151237E+00 -0.76335781E+01
  0.68001253E+00 -0.76016973E+01
  0.68851269E+00 -0.75694299E+01
  0.69701284E+00 -0.75367748E+01
  0.70551300E+00 -0.75037311E+01
  0.71401316E+00 -0.74702982E+01
  0.72251331E+00 -0.74364754E+01
  0.73101347E+00 -0.74022622E+01
  0.73951363E+00 -0.73676585E+01
  0.74801378E+00 -0.73326641E+01
  0.75651394E+00 -0.72972794E+01
  0.76501410E+00 -0.72615047E+01
  0.77351425E+00 -0.72253408E+01
  0.78201441E+00 -0.71887887E+01
  0.79051457E+00 -0.71518495E+01
  0.79901472E+00 -0.71648558E+01
  0.80751488E+00 -0.72114593E+01
  0.81601504E+00 -0.72583694E+01
  0.82451519E+00 -0.73055819E+01
  0.83301535E+00 -0.73530927E+01
  0.84151551E+00 -0.74008980E+01
  0.85001566E+00 -0.74489938E+01
  0.85851582E+00 -0.74973765E+01
  0.86701598E+00 -0.75460421E+01
  0.87551613E+00 -0.75949868E+01
  0.88401629E+00 -0.76442068E+01
  0.89251645E+00 -0.76936981E+01
  0.90101660E+00 -0.77434565E+01
  0.90951676E+00 -0.77934778E+01
  0.91801692E+00 -0.78437574E+01
  0.92651707E+00 -0.78942905E+01
  0.93501723E+00 -0.79450721E+01
  0.94351739E+00 -0.79960967E+01
  0.95201754E+00 -0.80473585E+01
  0.96051770E+00 -0.80988515E+01
  0.96901786E+00 -0.81505689E+01
  0.97751801E+00 -0.82025039E+01
  0.98601817E+00 -0.82546489E+01
  0.99451833E+00 -0.83069961E+01
  0.10030185E+01 -0.83595370E+01
  0.10115186E+01 -0.84122630E+01
  0.10200188E+01 -0.84651647E+01
  0.10285190E+01 -0.85182325E+01
  0.10370191E+01 -0.85714563E+01
  0.10455193E+01 -0.86248255E+01
  0.10540194E+01 -0.86783295E+01
  0.10625196E+01 -0.87319570E+01
  0.10710197E+01 -0.87856967E+01
  0.10795199E+01 -0.88395370E+01
  0.10880200E+01 -0.88934660E+01
  0.10965202E+01 -0.89474717E+01
  0.11050204E+01 -0.90015423E+01
  0.11135205E+01 -0.90556655E+01
  0.11220207E+01 -0.91098295E+01
  0.11305208E+01 -0.91640223E+01
  0.11390210E+01 -0.92182320E+01
  0.11475211E+01 -0.92724471E+01
  0.11560213E+01 -0.93266562E+01
  0.11645215E+01 -0.93808480E+01
  0.11730216E+01 -0.94350119E+01
  0.11815218E+01 -0.94891371E+01
  0.11900219E+01 -0.95432136E+01
  0.11985221E+01 -0.95972315E+01
  0.12070222E+01 -0.96511814E+01
  0.12155224E+01 -0.97050541E+01
  0.12240226E+01 -0.97588408E+01
  0.12325227E+01 -0.98125332E+01
  0.12410229E+01 -0.98661230E+01
  0.12495230E+01 -0.99196023E+01
  0.12580232E+01 -0.99729634E+01
  0.12665233E+01 -0.10026199E+02
  0.12750235E+01 -0.10079300E+02
  0.12835237E+01 -0.10132261E+02
  0.12920238E+01 -0.10185073E+02
  0.13005240E+01 -0.10237729E+02
  0.13090241E+01 -0.10290219E+02
  0.13175243E+01 -0.10342536E+02
  0.13260244E+01 -0.10394669E+02
  0.13345246E+01 -0.10446610E+02
  0.13430247E+01 -0.10498347E+02
  0.13515249E+01 -0.10549868E+02
  0.13600251E+01 -0.10601161E+02
  0.13685252E+01 -0.10652211E+02
  0.13770254E+01 -0.10703003E+02
  0.13855255E+01 -0.10753520E+02
  0.13940257E+01 -0.10803743E+02
  0.14025258E+01 -0.10853651E+02
  0.14110260E+01 -0.10903223E+02
  0.14195262E+01 -0.10952433E+02
  0.14280263E+01 -0.11001256E+02
  0.14365265E+01 -0.11049661E+02
  0.14450266E+01 -0.11097616E+02
  0.14535268E+01 -0.11145089E+02
  0.14620269E+01 -0.11192041E+02
  0.14705271E+01 -0.11238432E+02
  0.14790273E+01 -0.11284220E+02
  0.14875274E+01 -0.11329358E+02
  0.14960276E+01 -0.11373796E+02
  0.15045277E+01 -0.11417482E+02
  0.15130279E+01 -0.11460357E+02
  0.15215280E+01 -0.11502362E+02
  0.15300282E+01 -0.11543432E+02
  0.15385284E+01 -0.11583497E+02
  0.15470285E+01 -0.11622483E+02
  0.15555287E+01 -0.11660313E+02
  0.15640288E+01 -0.11696904E+02
  0.15725290E+01 -0.11732166E+02
  0.15810291E+01 -0.11766008E+02
  0.15895293E+01 -0.11798329E+02
  0.15980294E+01 -0.11829027E+02
  0.16065296E+01 -0.11857990E+02
  0.16150298E+01 -0.11885104E+02
  0.16235299E+01 -0.11910249E+02
  0.16320301E+01 -0.11933300E+02
  0.16405302E+01 -0.11954127E+02
  0.16490304E+01 -0.11972600E+02
  0.16575305E+01 -0.11988584E+02
  0.16660307E+01 -0.12001945E+02
  0.16745309E+01 -0.12012553E+02
  0.16830310E+01 -0.12020280E+02
  0.16915312E+01 -0.12025007E+02
  0.17000313E+01 -0.12026626E+02
  0.17085315E+01 -0.12024992E+02
  0.17170316E+01 -0.12020068E+02
  0.17255318E+01 -0.12011795E+02
  0.17340320E+01 -0.12000142E+02
  0.17425321E+01 -0.11985101E+02
  0.17510323E+01 -0.11966691E+02
  0.17595324E+01 -0.11944958E+02
  0.17680326E+01 -0.11919973E+02
  0.17765327E+01 -0.11891832E+02
  0.17850329E+01 -0.11860652E+02
  0.17935331E+01 -0.11826569E+02
  0.18020332E+01 -0.11789731E+02
  0.18105334E+01 -0.11750299E+02
  0.18190335E+01 -0.11708440E+02
  0.18275337E+01 -0.11664327E+02
  0.18360338E+01 -0.11618130E+02
  0.18445340E+01 -0.11570021E+02
  0.18530341E+01 -0.11520167E+02
  0.18615343E+01 -0.11468729E+02
  0.18700345E+01 -0.11415863E+02
  0.18785346E+01 -0.11361718E+02
  0.18870348E+01 -0.11306434E+02
  0.18955349E+01 -0.11250143E+02
  0.19040351E+01 -0.11192970E+02
  0.19125352E+01 -0.11135033E+02
  0.19210354E+01 -0.11076441E+02
  0.19295356E+01 -0.11017296E+02
  0.19380357E+01 -0.10957693E+02
  0.19465359E+01 -0.10897721E+02
  0.19550360E+01 -0.10837463E+02
  0.19635362E+01 -0.10776996E+02
  0.19720363E+01 -0.10716390E+02
  0.19805365E+01 -0.10655714E+02
  0.19890367E+01 -0.10595028E+02
  0.19975368E+01 -0.10534392E+02
  0.20060370E+01 -0.10473859E+02
  0.20145371E+01 -0.10413479E+02
  0.20230373E+01 -0.10353302E+02
  0.20315374E+01 -0.10293370E+02
  0.20400376E+01 -0.10233728E+02
  0.20485377E+01 -0.10174413E+02
  0.20570379E+01 -0.10115464E+02
  0.20655381E+01 -0.10056917E+02
  0.20740382E+01 -0.99988063E+01
  0.20825384E+01 -0.99411643E+01
  0.20910385E+01 -0.98840226E+01
  0.20995387E+01 -0.98274116E+01
  0.21080388E+01 -0.97713607E+01
  0.21165390E+01 -0.97158985E+01
  0.21250392E+01 -0.96610527E+01
  0.21335393E+01 -0.96068507E+01
  0.21420395E+01 -0.95533189E+01
  0.21505396E+01 -0.95004837E+01
  0.21590398E+01 -0.94483706E+01
  0.21675399E+01 -0.93970050E+01
  0.21760401E+01 -0.93464119E+01
  0.21845403E+01 -0.92966158E+01
  0.21930404E+01 -0.92476412E+01
  0.22015406E+01 -0.91995118E+01
  0.22100407E+01 -0.91522512E+01
  0.22185409E+01 -0.91058828E+01
  0.22270410E+01 -0.90604292E+01
  0.22355412E+01 -0.90159129E+01
  0.22440414E+01 -0.89723556E+01
  0.22525415E+01 -0.89297789E+01
  0.22610417E+01 -0.88882035E+01
  0.22695418E+01 -0.88476495E+01
  0.22780420E+01 -0.88081366E+01
  0.22865421E+01 -0.87696837E+01
  0.22950423E+01 -0.87323088E+01
  0.23035424E+01 -0.86960293E+01
  0.23120426E+01 -0.86608617E+01
  0.23205428E+01 -0.86268218E+01
  0.23290429E+01 -0.85939243E+01
  0.23375431E+01 -0.85621832E+01
  0.23460432E+01 -0.85316116E+01
  0.23545434E+01 -0.85022215E+01
  0.23630435E+01 -0.84740243E+01
  0.23715437E+01 -0.84470301E+01
  0.23800439E+01 -0.84212485E+01
  0.23885440E+01 -0.83966880E+01
  0.23970442E+01 -0.83733562E+01
  0.24055443E+01 -0.83512602E+01
  0.24140445E+01 -0.83304059E+01
  0.24225446E+01 -0.83107988E+01
  0.24310448E+01 -0.82924436E+01
  0.24395450E+01 -0.82753442E+01
  0.24480451E+01 -0.82595042E+01
  0.24565453E+01 -0.82449264E+01
  0.24650454E+01 -0.82316132E+01
  0.24735456E+01 -0.82195668E+01
  0.24820457E+01 -0.82087886E+01
  0.24905459E+01 -0.81992800E+01
  0.24990461E+01 -0.81910420E+01
  0.25075462E+01 -0.81840754E+01
  0.25160464E+01 -0.81783807E+01
  0.25245465E+01 -0.81739585E+01
  0.25330467E+01 -0.81708090E+01
  0.25415468E+01 -0.81689324E+01
  0.25500470E+01 -0.81683289E+01
  0.25585573E+01 -0.81681468E+01
  0.25670676E+01 -0.81676009E+01
  0.25755779E+01 -0.81666905E+01
  0.25840883E+01 -0.81654145E+01
  0.25925986E+01 -0.81637715E+01
  0.26011089E+01 -0.81617596E+01
  0.26096192E+01 -0.81593764E+01
  0.26181295E+01 -0.81566194E+01
  0.26266399E+01 -0.81534854E+01
  0.26351502E+01 -0.81499708E+01
  0.26436605E+01 -0.81460719E+01
  0.26521708E+01 -0.81417844E+01
  0.26606811E+01 -0.81371037E+01
  0.26691915E+01 -0.81320247E+01
  0.26777018E+01 -0.81265423E+01
  0.26862121E+01 -0.81206509E+01
  0.26947224E+01 -0.81143445E+01
  0.27032327E+01 -0.81076170E+01
  0.27117430E+01 -0.81004620E+01
  0.27202534E+01 -0.80928731E+01
  0.27287637E+01 -0.80848433E+01
  0.27372740E+01 -0.80763659E+01
  0.27457843E+01 -0.80674338E+01
  0.27542946E+01 -0.80580401E+01
  0.27628050E+01 -0.80481777E+01
  0.27713153E+01 -0.80378397E+01
  0.27798256E+01 -0.80270191E+01
  0.27883359E+01 -0.80157093E+01
  0.27968462E+01 -0.80039036E+01
  0.28053565E+01 -0.79915957E+01
  0.28138669E+01 -0.79787797E+01
  0.28223772E+01 -0.79654500E+01
  0.28308875E+01 -0.79516012E+01
  0.28393978E+01 -0.79372287E+01
  0.28479081E+01 -0.79223282E+01
  0.28564185E+01 -0.79068960E+01
  0.28649288E+01 -0.78909291E+01
  0.28734391E+01 -0.78744250E+01
  0.28819494E+01 -0.78573820E+01
  0.28904597E+01 -0.78397991E+01
  0.28989701E+01 -0.78216763E+01
  0.29074804E+01 -0.78030139E+01
  0.29159907E+01 -0.77838135E+01
  0.29245010E+01 -0.77640774E+01
  0.29330113E+01 -0.77438085E+01
  0.29415216E+01 -0.77230109E+01
  0.29500320E+01 -0.77016894E+01
  0.29585423E+01 -0.76798497E+01
  0.29670526E+01 -0.76574982E+01
  0.29755629E+01 -0.76346424E+01
  0.29840732E+01 -0.76112905E+01
  0.29925836E+01 -0.75874513E+01
  0.30010939E+01 -0.75631346E+01
  0.30096042E+01 -0.75383508E+01
  0.30181145E+01 -0.75131110E+01
  0.30266248E+01 -0.74874270E+01
  0.30351352E+01 -0.74613110E+01
  0.30436455E+01 -0.74347761E+01
  0.30521558E+01 -0.74078355E+01
  0.30606661E+01 -0.73805030E+01
  0.30691764E+01 -0.73527929E+01
  0.30776867E+01 -0.73247196E+01
  0.30861971E+01 -0.72962981E+01
  0.30947074E+01 -0.72675433E+01
  0.31032177E+01 -0.72384703E+01
  0.31117280E+01 -0.72090947E+01
  0.31202383E+01 -0.71794317E+01
  0.31287487E+01 -0.71494967E+01
  0.31372590E+01 -0.71193053E+01
  0.31457693E+01 -0.70888727E+01
  0.31542796E+01 -0.70582143E+01
  0.31627899E+01 -0.70273451E+01
  0.31713002E+01 -0.69962802E+01
  0.31798106E+01 -0.69650344E+01
  0.31883209E+01 -0.69600099E+01
  0.31968312E+01 -0.69985586E+01
  0.32053415E+01 -0.70367558E+01
  0.32138518E+01 -0.70745986E+01
  0.32223622E+01 -0.71120840E+01
  0.32308725E+01 -0.71492096E+01
  0.32393828E+01 -0.71859728E+01
  0.32478931E+01 -0.72223716E+01
  0.32564034E+01 -0.72584040E+01
  0.32649138E+01 -0.72940684E+01
  0.32734241E+01 -0.73293632E+01
  0.32819344E+01 -0.73642873E+01
  0.32904447E+01 -0.73988396E+01
  0.32989550E+01 -0.74330192E+01
  0.33074653E+01 -0.74668254E+01
  0.33159757E+01 -0.75002577E+01
  0.33244860E+01 -0.75333156E+01
  0.33329963E+01 -0.75659990E+01
  0.33415066E+01 -0.75983075E+01
  0.33500169E+01 -0.76302411E+01
  0.33585273E+01 -0.76617996E+01
  0.33670376E+01 -0.76929830E+01
  0.33755479E+01 -0.77237912E+01
  0.33840582E+01 -0.77542242E+01
  0.33925685E+01 -0.77842817E+01
  0.34010789E+01 -0.77568267E+01
  0.34095892E+01 -0.76852587E+01
  0.34180995E+01 -0.76142248E+01
  0.34266098E+01 -0.75437412E+01
  0.34351201E+01 -0.74738241E+01
  0.34436304E+01 -0.74044892E+01
  0.34521408E+01 -0.73357524E+01
  0.34606511E+01 -0.72676291E+01
  0.34691614E+01 -0.72001346E+01
  0.34776717E+01 -0.71332840E+01
  0.34861820E+01 -0.70670925E+01
  0.34946924E+01 -0.70015747E+01
  0.35032027E+01 -0.69367454E+01
  0.35117130E+01 -0.68726190E+01
  0.35202233E+01 -0.68092098E+01
  0.35287336E+01 -0.67465320E+01
  0.35372439E+01 -0.66845997E+01
  0.35457543E+01 -0.66234269E+01
  0.35542646E+01 -0.65630274E+01
  0.35627749E+01 -0.65034149E+01
  0.35712852E+01 -0.64446031E+01
  0.35797955E+01 -0.63866056E+01
  0.35883059E+01 -0.63294359E+01
  0.35968162E+01 -0.62731073E+01
  0.36053265E+01 -0.62176333E+01
  0.36138368E+01 -0.61630273E+01
  0.36223471E+01 -0.61093025E+01
  0.36308575E+01 -0.60564720E+01
  0.36393678E+01 -0.60045492E+01
  0.36478781E+01 -0.59535471E+01
  0.36563884E+01 -0.59034787E+01
  0.36648987E+01 -0.58543572E+01
  0.36734090E+01 -0.58061953E+01
  0.36819194E+01 -0.57590060E+01
  0.36904297E+01 -0.57128019E+01
  0.36989400E+01 -0.56675957E+01
  0.37074503E+01 -0.56234000E+01
  0.37159606E+01 -0.55802269E+01
  0.37244710E+01 -0.55380888E+01
  0.37329813E+01 -0.54969976E+01
  0.37414916E+01 -0.54569651E+01
  0.37500019E+01 -0.54180029E+01
  0.37585122E+01 -0.53801223E+01
  0.37670226E+01 -0.53433344E+01
  0.37755329E+01 -0.53076501E+01
  0.37840432E+01 -0.52730796E+01
  0.37925535E+01 -0.52396334E+01
  0.38010638E+01 -0.52073211E+01
  0.38095741E+01 -0.51761522E+01
  0.38180845E+01 -0.51461360E+01
  0.38265948E+01 -0.51172811E+01
  0.38351051E+01 -0.50895959E+01
  0.38436154E+01 -0.50630883E+01
  0.38521257E+01 -0.50377660E+01
  0.38606361E+01 -0.50136360E+01
  0.38691464E+01 -0.49907052E+01
  0.38776567E+01 -0.49689799E+01
  0.38861670E+01 -0.49484661E+01
  0.38946773E+01 -0.49291693E+01
  0.39031876E+01 -0.49110946E+01
  0.39116980E+01 -0.48942469E+01
  0.39202083E+01 -0.48786305E+01
  0.39287186E+01 -0.48642494E+01
  0.39372289E+01 -0.48511072E+01
  0.39457392E+01 -0.48392073E+01
  0.39542496E+01 -0.48285525E+01
  0.39627599E+01 -0.48191455E+01
  0.39712702E+01 -0.48109886E+01
  0.39797805E+01 -0.48040837E+01
  0.39882908E+01 -0.47984325E+01
  0.39968012E+01 -0.47940364E+01
  0.40053115E+01 -0.47908969E+01
  0.40138218E+01 -0.47890176E+01
  0.40223321E+01 -0.47884148E+01
  
  0.00000000E+00 -0.47882958E+01
  0.85001566E-02 -0.47885888E+01
  0.17000313E-01 -0.47894638E+01
  0.25500470E-01 -0.47909208E+01
  0.34000627E-01 -0.47929596E+01
  0.42500783E-01 -0.47955800E+01
  0.51000940E-01 -0.47987819E+01
  0.59501096E-01 -0.48025650E+01
  0.68001253E-01 -0.48069291E+01
  0.76501410E-01 -0.48118738E+01
  0.85001566E-01 -0.48173986E+01
  0.93501723E-01 -0.48235032E+01
  0.10200188E+00 -0.48301870E+01
  0.11050204E+00 -0.48374493E+01
  0.11900219E+00 -0.48452894E+01
  0.12750235E+00 -0.48537065E+01
  0.13600251E+00 -0.48626997E+01
  0.14450266E+00 -0.48722679E+01
  0.15300282E+00 -0.48824101E+01
  0.16150298E+00 -0.48931249E+01
  0.17000313E+00 -0.49044111E+01
  0.17850329E+00 -0.49162672E+01
  0.18700345E+00 -0.49286916E+01
  0.19550360E+00 -0.49416826E+01
  0.20400376E+00 -0.49552385E+01
  0.21250392E+00 -0.49693573E+01
  0.22100407E+00 -0.49840371E+01
  0.22950423E+00 -0.49992759E+01
  0.23800439E+00 -0.50150714E+01
  0.24650454E+00 -0.50314214E+01
  0.25500470E+00 -0.50483237E+01
  0.26350486E+00 -0.50657760E+01
  0.27200501E+00 -0.50837758E+01
  0.28050517E+00 -0.51023209E+01
  0.28900533E+00 -0.51214087E+01
  0.29750548E+00 -0.51410370E+01
  0.30600564E+00 -0.51612033E+01
  0.31450580E+00 -0.51819053E+01
  0.32300595E+00 -0.52031405E+01
  0.33150611E+00 -0.52249069E+01
  0.34000627E+00 -0.52472020E+01
  0.34850642E+00 -0.52700237E+01
  0.35700658E+00 -0.52933699E+01
  0.36550674E+00 -0.53172385E+01
  0.37400689E+00 -0.53416275E+01
  0.38250705E+00 -0.53665349E+01
  0.39100721E+00 -0.53919589E+01
  0.39950736E+00 -0.54178976E+01
  0.40800752E+00 -0.54443492E+01
  0.41650768E+00 -0.54713118E+01
  0.42500783E+00 -0.54987839E+01
  0.43350799E+00 -0.55267635E+01
  0.44200815E+00 -0.55552490E+01
  0.45050830E+00 -0.55842386E+01
  0.45900846E+00 -0.56137303E+01
  0.46750862E+00 -0.56437224E+01
  0.47600877E+00 -0.56742128E+01
  0.48450893E+00 -0.57051995E+01
  0.49300908E+00 -0.57366802E+01
  0.50150924E+00 -0.57686526E+01
  0.51000940E+00 -0.58011142E+01
  0.51850955E+00 -0.58340623E+01
  0.52700971E+00 -0.58674940E+01
  0.53550987E+00 -0.59014063E+01
  0.54401002E+00 -0.59357958E+01
  0.55251018E+00 -0.59706589E+01
  0.56101034E+00 -0.60059920E+01
  0.56951049E+00 -0.60417910E+01
  0.57801065E+00 -0.60780516E+01
  0.58651081E+00 -0.61147694E+01
  0.59501096E+00 -0.61519396E+01
  0.60351112E+00 -0.61895572E+01
  0.61201128E+00 -0.62276171E+01
  0.62051143E+00 -0.62661138E+01
  0.62901159E+00 -0.63050418E+01
  0.63751175E+00 -0.63443954E+01
  0.64601190E+00 -0.63841685E+01
  0.65451206E+00 -0.64243552E+01
  0.66301222E+00 -0.64649494E+01
  0.67151237E+00 -0.65059447E+01
  0.68001253E+00 -0.65473350E+01
  0.68851269E+00 -0.65891139E+01
  0.69701284E+00 -0.66312752E+01
  0.70551300E+00 -0.66738126E+01
  0.71401316E+00 -0.67167198E+01
  0.72251331E+00 -0.67599908E+01
  0.73101347E+00 -0.68036195E+01
  0.73951363E+00 -0.68476001E+01
  0.74801378E+00 -0.68919269E+01
  0.75651394E+00 -0.69365941E+01
  0.76501410E+00 -0.69815965E+01
  0.77351425E+00 -0.70269288E+01
  0.78201441E+00 -0.70725860E+01
  0.79051457E+00 -0.71185632E+01
  0.79901472E+00 -0.71145249E+01
  0.80751488E+00 -0.70768166E+01
  0.81601504E+00 -0.70387265E+01
  0.82451519E+00 -0.70002570E+01
  0.83301535E+00 -0.69614105E+01
  0.84151551E+00 -0.69221895E+01
  0.85001566E+00 -0.68825970E+01
  0.85851582E+00 -0.68426357E+01
  0.86701598E+00 -0.68023087E+01
  0.87551613E+00 -0.67616189E+01
  0.88401629E+00 -0.67205695E+01
  0.89251645E+00 -0.66791635E+01
  0.90101660E+00 -0.66374037E+01
  0.90951676E+00 -0.65952930E+01
  0.91801692E+00 -0.65528341E+01
  0.92651707E+00 -0.65100294E+01
  0.93501723E+00 -0.64668811E+01
  0.94351739E+00 -0.64233913E+01
  0.95201754E+00 -0.63795615E+01
  0.96051770E+00 -0.63353933E+01
  0.96901786E+00 -0.62908875E+01
  0.97751801E+00 -0.62460450E+01
  0.98601817E+00 -0.62008659E+01
  0.99451833E+00 -0.61553502E+01
  0.10030185E+01 -0.61094975E+01
  0.10115186E+01 -0.60633071E+01
  0.10200188E+01 -0.60167780E+01
  0.10285190E+01 -0.59699086E+01
  0.10370191E+01 -0.59226974E+01
  0.10455193E+01 -0.58751426E+01
  0.10540194E+01 -0.58272420E+01
  0.10625196E+01 -0.57789936E+01
  0.10710197E+01 -0.57303951E+01
  0.10795199E+01 -0.56814443E+01
  0.10880200E+01 -0.56321390E+01
  0.10965202E+01 -0.55824773E+01
  0.11050204E+01 -0.55324574E+01
  0.11135205E+01 -0.54820778E+01
  0.11220207E+01 -0.54313373E+01
  0.11305208E+01 -0.53802354E+01
  0.11390210E+01 -0.53287720E+01
  0.11475211E+01 -0.52769475E+01
  0.11560213E+01 -0.52247632E+01
  0.11645215E+01 -0.51722209E+01
  0.11730216E+01 -0.51193234E+01
  0.11815218E+01 -0.50660744E+01
  0.11900219E+01 -0.50124785E+01
  0.11985221E+01 -0.49585411E+01
  0.12070222E+01 -0.49042688E+01
  0.12155224E+01 -0.48496693E+01
  0.12240226E+01 -0.47947510E+01
  0.12325227E+01 -0.47395239E+01
  0.12410229E+01 -0.46839985E+01
  0.12495230E+01 -0.46281868E+01
  0.12580232E+01 -0.45721016E+01
  0.12665233E+01 -0.45157567E+01
  0.12750235E+01 -0.44591671E+01
  0.12835237E+01 -0.44023483E+01
  0.12920238E+01 -0.43453171E+01
  0.13005240E+01 -0.42880907E+01
  0.13090241E+01 -0.42306874E+01
  0.13175243E+01 -0.41731259E+01
  0.13260244E+01 -0.41154254E+01
  0.13345246E+01 -0.40576059E+01
  0.13430247E+01 -0.39996874E+01
  0.13515249E+01 -0.39416905E+01
  0.13600251E+01 -0.38836358E+01
  0.13685252E+01 -0.38255440E+01
  0.13770254E+01 -0.37674361E+01
  0.13855255E+01 -0.37093326E+01
  0.13940257E+01 -0.36512542E+01
  0.14025258E+01 -0.35932212E+01
  0.14110260E+01 -0.35352536E+01
  0.14195262E+01 -0.34773710E+01
  0.14280263E+01 -0.34195926E+01
  0.14365265E+01 -0.33619372E+01
  0.14450266E+01 -0.33044229E+01
  0.14535268E+01 -0.32470673E+01
  0.14620269E+01 -0.31898875E+01
  0.14705271E+01 -0.31328998E+01
  0.14790273E+01 -0.30761202E+01
  0.14875274E+01 -0.30195637E+01
  0.14960276E+01 -0.29632451E+01
  0.15045277E+01 -0.29071785E+01
  0.15130279E+01 -0.28513773E+01
  0.15215280E+01 -0.27958546E+01
  0.15300282E+01 -0.27406231E+01
  0.15385284E+01 -0.26856950E+01
  0.15470285E+01 -0.26310822E+01
  0.15555287E+01 -0.25767963E+01
  0.15640288E+01 -0.25228488E+01
  0.15725290E+01 -0.24692511E+01
  0.15810291E+01 -0.24160142E+01
  0.15895293E+01 -0.23631496E+01
  0.15980294E+01 -0.23106685E+01
  0.16065296E+01 -0.22585823E+01
  0.16150298E+01 -0.22069027E+01
  0.16235299E+01 -0.21556416E+01
  0.16320301E+01 -0.21048112E+01
  0.16405302E+01 -0.20544238E+01
  0.16490304E+01 -0.20044923E+01
  0.16575305E+01 -0.19550300E+01
  0.16660307E+01 -0.19060503E+01
  0.16745309E+01 -0.18575672E+01
  0.16830310E+01 -0.18095951E+01
  0.16915312E+01 -0.17621486E+01
  0.17000313E+01 -0.17152428E+01
  0.17085315E+01 -0.17616337E+01
  0.17170316E+01 -0.18076478E+01
  0.17255318E+01 -0.18532473E+01
  0.17340320E+01 -0.18984282E+01
  0.17425321E+01 -0.19431861E+01
  0.17510323E+01 -0.19875163E+01
  0.17595324E+01 -0.20314142E+01
  0.17680326E+01 -0.20748750E+01
  0.17765327E+01 -0.21178940E+01
  0.17850329E+01 -0.21604665E+01
  0.17935331E+01 -0.22025879E+01
  0.18020332E+01 -0.22442536E+01
  0.18105334E+01 -0.22854595E+01
  0.18190335E+01 -0.23262016E+01
  0.18275337E+01 -0.23664760E+01
  0.18360338E+01 -0.24062796E+01
  0.18445340E+01 -0.24456092E+01
  0.18530341E+01 -0.24844624E+01
  0.18615343E+01 -0.25228370E+01
  0.18700345E+01 -0.25607315E+01
  0.18785346E+01 -0.25981446E+01
  0.18870348E+01 -0.26350757E+01
  0.18955349E+01 -0.26715247E+01
  0.19040351E+01 -0.27074919E+01
  0.19125352E+01 -0.27429780E+01
  0.19210354E+01 -0.27779845E+01
  0.19295356E+01 -0.28125131E+01
  0.19380357E+01 -0.28465658E+01
  0.19465359E+01 -0.28801452E+01
  0.19550360E+01 -0.29132541E+01
  0.19635362E+01 -0.29458956E+01
  0.19720363E+01 -0.29780730E+01
  0.19805365E+01 -0.30097899E+01
  0.19890367E+01 -0.30410498E+01
  0.19975368E+01 -0.30718563E+01
  0.20060370E+01 -0.31022131E+01
  0.20145371E+01 -0.31321238E+01
  0.20230373E+01 -0.31615917E+01
  0.20315374E+01 -0.31906200E+01
  0.20400376E+01 -0.32192116E+01
  0.20485377E+01 -0.32473692E+01
  0.20570379E+01 -0.32750950E+01
  0.20655381E+01 -0.33023909E+01
  0.20740382E+01 -0.33292582E+01
  0.20825384E+01 -0.33556978E+01
  0.20910385E+01 -0.33817100E+01
  0.20995387E+01 -0.34072949E+01
  0.21080388E+01 -0.34324515E+01
  0.21165390E+01 -0.34571788E+01
  0.21250392E+01 -0.34814748E+01
  0.21335393E+01 -0.35053373E+01
  0.21420395E+01 -0.35287635E+01
  0.21505396E+01 -0.35517500E+01
  0.21590398E+01 -0.35742930E+01
  0.21675399E+01 -0.35963884E+01
  0.21760401E+01 -0.36180317E+01
  0.21845403E+01 -0.36392179E+01
  0.21930404E+01 -0.36599420E+01
  0.22015406E+01 -0.36801987E+01
  0.22100407E+01 -0.36999827E+01
  0.22185409E+01 -0.37192884E+01
  0.22270410E+01 -0.37381105E+01
  0.22355412E+01 -0.37564436E+01
  0.22440414E+01 -0.37742825E+01
  0.22525415E+01 -0.37916223E+01
  0.22610417E+01 -0.38084582E+01
  0.22695418E+01 -0.38247861E+01
  0.22780420E+01 -0.38406020E+01
  0.22865421E+01 -0.38559025E+01
  0.22950423E+01 -0.38706846E+01
  0.23035424E+01 -0.38849460E+01
  0.23120426E+01 -0.38986849E+01
  0.23205428E+01 -0.39119000E+01
  0.23290429E+01 -0.39245909E+01
  0.23375431E+01 -0.39367576E+01
  0.23460432E+01 -0.39484008E+01
  0.23545434E+01 -0.39595217E+01
  0.23630435E+01 -0.39701223E+01
  0.23715437E+01 -0.39802051E+01
  0.23800439E+01 -0.39897731E+01
  0.23885440E+01 -0.39988298E+01
  0.23970442E+01 -0.40073792E+01
  0.24055443E+01 -0.40154256E+01
  0.24140445E+01 -0.40229738E+01
  0.24225446E+01 -0.40300286E+01
  0.24310448E+01 -0.40365954E+01
  0.24395450E+01 -0.40426793E+01
  0.24480451E+01 -0.40482857E+01
  0.24565453E+01 -0.40534199E+01
  0.24650454E+01 -0.40580872E+01
  0.24735456E+01 -0.40622927E+01
  0.24820457E+01 -0.40660410E+01
  0.24905459E+01 -0.40693368E+01
  0.24990461E+01 -0.40721842E+01
  0.25075462E+01 -0.40745870E+01
  0.25160464E+01 -0.40765482E+01
  0.25245465E+01 -0.40780708E+01
  0.25330467E+01 -0.40791568E+01
  0.25415468E+01 -0.40798077E+01
  0.25500470E+01 -0.40800246E+01
  0.25585573E+01 -0.40812979E+01
  0.25670676E+01 -0.40851120E+01
  0.25755779E+01 -0.40914490E+01
  0.25840883E+01 -0.41002798E+01
  0.25925986E+01 -0.41115642E+01
  0.26011089E+01 -0.41252520E+01
  0.26096192E+01 -0.41412832E+01
  0.26181295E+01 -0.41595896E+01
  0.26266399E+01 -0.41800956E+01
  0.26351502E+01 -0.42027191E+01
  0.26436605E+01 -0.42273729E+01
  0.26521708E+01 -0.42539655E+01
  0.26606811E+01 -0.42824024E+01
  0.26691915E+01 -0.43125870E+01
  0.26777018E+01 -0.43444211E+01
  0.26862121E+01 -0.43778067E+01
  0.26947224E+01 -0.44126456E+01
  0.27032327E+01 -0.44488409E+01
  0.27117430E+01 -0.44862972E+01
  0.27202534E+01 -0.45249211E+01
  0.27287637E+01 -0.45646218E+01
  0.27372740E+01 -0.46053111E+01
  0.27457843E+01 -0.46469041E+01
  0.27542946E+01 -0.46893189E+01
  0.27628050E+01 -0.47324774E+01
  0.27713153E+01 -0.47763048E+01
  0.27798256E+01 -0.48207299E+01
  0.27883359E+01 -0.48656853E+01
  0.27968462E+01 -0.49111073E+01
  0.28053565E+01 -0.49569356E+01
  0.28138669E+01 -0.50031138E+01
  0.28223772E+01 -0.50495888E+01
  0.28308875E+01 -0.50963110E+01
  0.28393978E+01 -0.51432342E+01
  0.28479081E+01 -0.51903153E+01
  0.28564185E+01 -0.52375145E+01
  0.28649288E+01 -0.52847948E+01
  0.28734391E+01 -0.53321221E+01
  0.28819494E+01 -0.53794648E+01
  0.28904597E+01 -0.54267941E+01
  0.28989701E+01 -0.54740835E+01
  0.29074804E+01 -0.55213086E+01
  0.29159907E+01 -0.55684472E+01
  0.29245010E+01 -0.56154790E+01
  0.29330113E+01 -0.56623855E+01
  0.29415216E+01 -0.57091497E+01
  0.29500320E+01 -0.57557562E+01
  0.29585423E+01 -0.58021911E+01
  0.29670526E+01 -0.58484414E+01
  0.29755629E+01 -0.58944955E+01
  0.29840732E+01 -0.59403426E+01
  0.29925836E+01 -0.59859729E+01
  0.30010939E+01 -0.60313772E+01
  0.30096042E+01 -0.60765472E+01
  0.30181145E+01 -0.61214751E+01
  0.30266248E+01 -0.61661535E+01
  0.30351352E+01 -0.62105757E+01
  0.30436455E+01 -0.62547350E+01
  0.30521558E+01 -0.62986255E+01
  0.30606661E+01 -0.63422410E+01
  0.30691764E+01 -0.63855761E+01
  0.30776867E+01 -0.64286253E+01
  0.30861971E+01 -0.64713832E+01
  0.30947074E+01 -0.65138446E+01
  0.31032177E+01 -0.65560047E+01
  0.31117280E+01 -0.65978585E+01
  0.31202383E+01 -0.66394011E+01
  0.31287487E+01 -0.66806281E+01
  0.31372590E+01 -0.67215347E+01
  0.31457693E+01 -0.67621166E+01
  0.31542796E+01 -0.68023694E+01
  0.31627899E+01 -0.68422891E+01
  0.31713002E+01 -0.68818716E+01
  0.31798106E+01 -0.69211131E+01
  0.31883209E+01 -0.69336224E+01
  0.31968312E+01 -0.69020584E+01
  0.32053415E+01 -0.68703568E+01
  0.32138518E+01 -0.68385314E+01
  0.32223622E+01 -0.68065960E+01
  0.32308725E+01 -0.67745639E+01
  0.32393828E+01 -0.67424484E+01
  0.32478931E+01 -0.67102625E+01
  0.32564034E+01 -0.66780189E+01
  0.32649138E+01 -0.66457300E+01
  0.32734241E+01 -0.66134082E+01
  0.32819344E+01 -0.65810656E+01
  0.32904447E+01 -0.65487139E+01
  0.32989550E+01 -0.65163650E+01
  0.33074653E+01 -0.64840303E+01
  0.33159757E+01 -0.64517213E+01
  0.33244860E+01 -0.64194492E+01
  0.33329963E+01 -0.63872251E+01
  0.33415066E+01 -0.63550601E+01
  0.33500169E+01 -0.63229650E+01
  0.33585273E+01 -0.62909508E+01
  0.33670376E+01 -0.62590282E+01
  0.33755479E+01 -0.62272079E+01
  0.33840582E+01 -0.61955005E+01
  0.33925685E+01 -0.61639167E+01
  0.34010789E+01 -0.61324670E+01
  0.34095892E+01 -0.61011620E+01
  0.34180995E+01 -0.60700120E+01
  0.34266098E+01 -0.60390276E+01
  0.34351201E+01 -0.60082190E+01
  0.34436304E+01 -0.59775967E+01
  0.34521408E+01 -0.59471709E+01
  0.34606511E+01 -0.59169518E+01
  0.34691614E+01 -0.58869497E+01
  0.34776717E+01 -0.58571746E+01
  0.34861820E+01 -0.58276365E+01
  0.34946924E+01 -0.57983453E+01
  0.35032027E+01 -0.57693111E+01
  0.35117130E+01 -0.57405434E+01
  0.35202233E+01 -0.57120520E+01
  0.35287336E+01 -0.56838463E+01
  0.35372439E+01 -0.56559359E+01
  0.35457543E+01 -0.56283300E+01
  0.35542646E+01 -0.56010378E+01
  0.35627749E+01 -0.55740683E+01
  0.35712852E+01 -0.55474304E+01
  0.35797955E+01 -0.55211329E+01
  0.35883059E+01 -0.54951843E+01
  0.35968162E+01 -0.54695932E+01
  0.36053265E+01 -0.54443677E+01
  0.36138368E+01 -0.54195161E+01
  0.36223471E+01 -0.53950463E+01
  0.36308575E+01 -0.53709662E+01
  0.36393678E+01 -0.53472834E+01
  0.36478781E+01 -0.53240054E+01
  0.36563884E+01 -0.53011397E+01
  0.36648987E+01 -0.52786935E+01
  0.36734090E+01 -0.52566737E+01
  0.36819194E+01 -0.52350874E+01
  0.36904297E+01 -0.52139414E+01
  0.36989400E+01 -0.51932421E+01
  0.37074503E+01 -0.51729962E+01
  0.37159606E+01 -0.51532099E+01
  0.37244710E+01 -0.51338895E+01
  0.37329813E+01 -0.51150410E+01
  0.37414916E+01 -0.50966703E+01
  0.37500019E+01 -0.50787833E+01
  0.37585122E+01 -0.50613854E+01
  0.37670226E+01 -0.50444823E+01
  0.37755329E+01 -0.50280793E+01
  0.37840432E+01 -0.50121815E+01
  0.37925535E+01 -0.49967941E+01
  0.38010638E+01 -0.49819219E+01
  0.38095741E+01 -0.49675697E+01
  0.38180845E+01 -0.49537422E+01
  0.38265948E+01 -0.49404437E+01
  0.38351051E+01 -0.49276785E+01
  0.38436154E+01 -0.49154509E+01
  0.38521257E+01 -0.49037647E+01
  0.38606361E+01 -0.48926238E+01
  0.38691464E+01 -0.48820318E+01
  0.38776567E+01 -0.48719922E+01
  0.38861670E+01 -0.48625083E+01
  0.38946773E+01 -0.48535831E+01
  0.39031876E+01 -0.48452198E+01
  0.39116980E+01 -0.48374209E+01
  0.39202083E+01 -0.48301891E+01
  0.39287186E+01 -0.48235268E+01
  0.39372289E+01 -0.48174362E+01
  0.39457392E+01 -0.48119193E+01
  0.39542496E+01 -0.48069780E+01
  0.39627599E+01 -0.48026139E+01
  0.39712702E+01 -0.47988284E+01
  0.39797805E+01 -0.47956228E+01
  0.39882908E+01 -0.47929981E+01
  0.39968012E+01 -0.47909552E+01
  0.40053115E+01 -0.47894943E+01
  0.40138218E+01 -0.47886130E+01
  0.40223321E+01 -0.47882958E+01
  
  0.00000000E+00  0.97294446E+01
  0.85001566E-02  0.97287458E+01
  0.17000313E-01  0.97266499E+01
  0.25500470E-01  0.97231579E+01
  0.34000627E-01  0.97182717E+01
  0.42500783E-01  0.97119938E+01
  0.51000940E-01  0.97043275E+01
  0.59501096E-01  0.96952769E+01
  0.68001253E-01  0.96848465E+01
  0.76501410E-01  0.96730417E+01
  0.85001566E-01  0.96598686E+01
  0.93501723E-01  0.96453338E+01
  0.10200188E+00  0.96294447E+01
  0.11050204E+00  0.96122091E+01
  0.11900219E+00  0.95936356E+01
  0.12750235E+00  0.95737332E+01
  0.13600251E+00  0.95525115E+01
  0.14450266E+00  0.95299807E+01
  0.15300282E+00  0.95061515E+01
  0.16150298E+00  0.94810350E+01
  0.17000313E+00  0.94546428E+01
  0.17850329E+00  0.94269869E+01
  0.18700345E+00  0.93980798E+01
  0.19550360E+00  0.93679345E+01
  0.20400376E+00  0.93365641E+01
  0.21250392E+00  0.93039824E+01
  0.22100407E+00  0.92702033E+01
  0.22950423E+00  0.92352413E+01
  0.23800439E+00  0.91991111E+01
  0.24650454E+00  0.91618276E+01
  0.25500470E+00  0.91234064E+01
  0.26350486E+00  0.90838629E+01
  0.27200501E+00  0.90432133E+01
  0.28050517E+00  0.90014738E+01
  0.28900533E+00  0.89586609E+01
  0.29750548E+00  0.89147915E+01
  0.30600564E+00  0.88698827E+01
  0.31450580E+00  0.88239519E+01
  0.32300595E+00  0.87770167E+01
  0.33150611E+00  0.87290951E+01
  0.34000627E+00  0.86802051E+01
  0.34850642E+00  0.86303652E+01
  0.35700658E+00  0.85795940E+01
  0.36550674E+00  0.85279103E+01
  0.37400689E+00  0.84753331E+01
  0.38250705E+00  0.84218816E+01
  0.39100721E+00  0.83675752E+01
  0.39950736E+00  0.83124335E+01
  0.40800752E+00  0.82564761E+01
  0.41650768E+00  0.81997228E+01
  0.42500783E+00  0.81421934E+01
  0.43350799E+00  0.80839078E+01
  0.44200815E+00  0.80248862E+01
  0.45050830E+00  0.79651483E+01
  0.45900846E+00  0.79047142E+01
  0.46750862E+00  0.78436038E+01
  0.47600877E+00  0.77818369E+01
  0.48450893E+00  0.77194334E+01
  0.49300908E+00  0.76564127E+01
  0.50150924E+00  0.75927944E+01
  0.51000940E+00  0.75285976E+01
  0.51850955E+00  0.74638416E+01
  0.52700971E+00  0.73985450E+01
  0.53550987E+00  0.73327264E+01
  0.54401002E+00  0.72664041E+01
  0.55251018E+00  0.71995960E+01
  0.56101034E+00  0.71323197E+01
  0.56951049E+00  0.70645926E+01
  0.57801065E+00  0.69964315E+01
  0.58651081E+00  0.69278531E+01
  0.59501096E+00  0.68588735E+01
  0.60351112E+00  0.67895086E+01
  0.61201128E+00  0.67197739E+01
  0.62051143E+00  0.66496845E+01
  0.62901159E+00  0.65792551E+01
  0.63751175E+00  0.65085001E+01
  0.64601190E+00  0.64374337E+01
  0.65451206E+00  0.63660696E+01
  0.66301222E+00  0.62944212E+01
  0.67151237E+00  0.62225017E+01
  0.68001253E+00  0.61503240E+01
  0.68851269E+00  0.60779009E+01
  0.69701284E+00  0.60052448E+01
  0.70551300E+00  0.59323679E+01
  0.71401316E+00  0.58592826E+01
  0.72251331E+00  0.57860006E+01
  0.73101347E+00  0.57125341E+01
  0.73951363E+00  0.56388947E+01
  0.74801378E+00  0.55650942E+01
  0.75651394E+00  0.54911444E+01
  0.76501410E+00  0.54170570E+01
  0.77351425E+00  0.53428436E+01
  0.78201441E+00  0.52685160E+01
  0.79051457E+00  0.51940859E+01
  0.79901472E+00  0.51195650E+01
  0.80751488E+00  0.50449652E+01
  0.81601504E+00  0.49702984E+01
  0.82451519E+00  0.48955762E+01
  0.83301535E+00  0.48208108E+01
  0.84151551E+00  0.47460138E+01
  0.85001566E+00  0.46711973E+01
  0.85851582E+00  0.45963732E+01
  0.86701598E+00  0.45215532E+01
  0.87551613E+00  0.44467492E+01
  0.88401629E+00  0.43719729E+01
  0.89251645E+00  0.42972359E+01
  0.90101660E+00  0.42225497E+01
  0.90951676E+00  0.41479255E+01
  0.91801692E+00  0.40733745E+01
  0.92651707E+00  0.39989076E+01
  0.93501723E+00  0.39245353E+01
  0.94351739E+00  0.38502680E+01
  0.95201754E+00  0.37761157E+01
  0.96051770E+00  0.37020880E+01
  0.96901786E+00  0.36281944E+01
  0.97751801E+00  0.35544437E+01
  0.98601817E+00  0.34808444E+01
  0.99451833E+00  0.34074046E+01
  0.10030185E+01  0.33341320E+01
  0.10115186E+01  0.32610338E+01
  0.10200188E+01  0.31881167E+01
  0.10285190E+01  0.31153872E+01
  0.10370191E+01  0.30428511E+01
  0.10455193E+01  0.29705138E+01
  0.10540194E+01  0.28983805E+01
  0.10625196E+01  0.28264558E+01
  0.10710197E+01  0.27547440E+01
  0.10795199E+01  0.26832490E+01
  0.10880200E+01  0.26119744E+01
  0.10965202E+01  0.25409237E+01
  0.11050204E+01  0.24700998E+01
  0.11135205E+01  0.23995057E+01
  0.11220207E+01  0.23291442E+01
  0.11305208E+01  0.22590177E+01
  0.11390210E+01  0.21891287E+01
  0.11475211E+01  0.21194798E+01
  0.11560213E+01  0.20500732E+01
  0.11645215E+01  0.19809116E+01
  0.11730216E+01  0.19119974E+01
  0.11815218E+01  0.18433333E+01
  0.11900219E+01  0.17749220E+01
  0.11985221E+01  0.17067664E+01
  0.12070222E+01  0.16388697E+01
  0.12155224E+01  0.15712353E+01
  0.12240226E+01  0.15038665E+01
  0.12325227E+01  0.14367674E+01
  0.12410229E+01  0.13699419E+01
  0.12495230E+01  0.13033942E+01
  0.12580232E+01  0.12371290E+01
  0.12665233E+01  0.11711511E+01
  0.12750235E+01  0.11054653E+01
  0.12835237E+01  0.10400771E+01
  0.12920238E+01  0.97499161E+00
  0.13005240E+01  0.91021456E+00
  0.13090241E+01  0.84575160E+00
  0.13175243E+01  0.78160852E+00
  0.13260244E+01  0.71779115E+00
  0.13345246E+01  0.65430536E+00
  0.13430247E+01  0.59115700E+00
  0.13515249E+01  0.52835187E+00
  0.13600251E+01  0.46589564E+00
  0.13685252E+01  0.40379387E+00
  0.13770254E+01  0.34205193E+00
  0.13855255E+01  0.28067496E+00
  0.13940257E+01  0.21966785E+00
  0.14025258E+01  0.15903519E+00
  0.14110260E+01  0.98781279E-01
  0.14195262E+01  0.38910037E-01
  0.14280263E+01 -0.20574968E-01
  0.14365265E+01 -0.79670557E-01
  0.14450266E+01 -0.13837395E+00
  0.14535268E+01 -0.19668277E+00
  0.14620269E+01 -0.25459505E+00
  0.14705271E+01 -0.31210922E+00
  0.14790273E+01 -0.36922410E+00
  0.14875274E+01 -0.42593890E+00
  0.14960276E+01 -0.48225317E+00
  0.15045277E+01 -0.53816681E+00
  0.15130279E+01 -0.59368000E+00
  0.15215280E+01 -0.64879319E+00
  0.15300282E+01 -0.70350708E+00
  0.15385284E+01 -0.75782253E+00
  0.15470285E+01 -0.81174056E+00
  0.15555287E+01 -0.86526226E+00
  0.15640288E+01 -0.91838881E+00
  0.15725290E+01 -0.97112135E+00
  0.15810291E+01 -0.10234610E+01
  0.15895293E+01 -0.10754087E+01
  0.15980294E+01 -0.11269654E+01
  0.16065296E+01 -0.11781318E+01
  0.16150298E+01 -0.12289083E+01
  0.16235299E+01 -0.12792951E+01
  0.16320301E+01 -0.13292921E+01
  0.16405302E+01 -0.13788989E+01
  0.16490304E+01 -0.14281147E+01
  0.16575305E+01 -0.14769384E+01
  0.16660307E+01 -0.15253684E+01
  0.16745309E+01 -0.15734028E+01
  0.16830310E+01 -0.16210394E+01
  0.16915312E+01 -0.16682756E+01
  0.17000313E+01 -0.17151082E+01
  0.17085315E+01 -0.16687941E+01
  0.17170316E+01 -0.16230179E+01
  0.17255318E+01 -0.15778286E+01
  0.17340320E+01 -0.15332423E+01
  0.17425321E+01 -0.14892745E+01
  0.17510323E+01 -0.14459410E+01
  0.17595324E+01 -0.14032573E+01
  0.17680326E+01 -0.13612388E+01
  0.17765327E+01 -0.13199004E+01
  0.17850329E+01 -0.12792565E+01
  0.17935331E+01 -0.12393211E+01
  0.18020332E+01 -0.12001073E+01
  0.18105334E+01 -0.11616278E+01
  0.18190335E+01 -0.11238940E+01
  0.18275337E+01 -0.10869168E+01
  0.18360338E+01 -0.10507056E+01
  0.18445340E+01 -0.10152690E+01
  0.18530341E+01 -0.98061418E+00
  0.18615343E+01 -0.94674723E+00
  0.18700345E+01 -0.91367281E+00
  0.18785346E+01 -0.88139422E+00
  0.18870348E+01 -0.84991338E+00
  0.18955349E+01 -0.81923076E+00
  0.19040351E+01 -0.78934542E+00
  0.19125352E+01 -0.76025499E+00
  0.19210354E+01 -0.73195569E+00
  0.19295356E+01 -0.70444235E+00
  0.19380357E+01 -0.67770848E+00
  0.19465359E+01 -0.65174627E+00
  0.19550360E+01 -0.62654673E+00
  0.19635362E+01 -0.60209969E+00
  0.19720363E+01 -0.57839393E+00
  0.19805365E+01 -0.55541725E+00
  0.19890367E+01 -0.53315659E+00
  0.19975368E+01 -0.51159812E+00
  0.20060370E+01 -0.49072734E+00
  0.20145371E+01 -0.47052922E+00
  0.20230373E+01 -0.45098829E+00
  0.20315374E+01 -0.43208877E+00
  0.20400376E+01 -0.41381468E+00
  0.20485377E+01 -0.39614995E+00
  0.20570379E+01 -0.37907853E+00
  0.20655381E+01 -0.36258450E+00
  0.20740382E+01 -0.34665215E+00
  0.20825384E+01 -0.33126606E+00
  0.20910385E+01 -0.31641123E+00
  0.20995387E+01 -0.30207309E+00
  0.21080388E+01 -0.28823760E+00
  0.21165390E+01 -0.27489130E+00
  0.21250392E+01 -0.26202131E+00
  0.21335393E+01 -0.24961542E+00
  0.21420395E+01 -0.23766204E+00
  0.21505396E+01 -0.22615026E+00
  0.21590398E+01 -0.21506979E+00
  0.21675399E+01 -0.20441101E+00
  0.21760401E+01 -0.19416488E+00
  0.21845403E+01 -0.18432292E+00
  0.21930404E+01 -0.17487721E+00
  0.22015406E+01 -0.16582026E+00
  0.22100407E+01 -0.15714501E+00
  0.22185409E+01 -0.14884474E+00
  0.22270410E+01 -0.14091300E+00
  0.22355412E+01 -0.13334356E+00
  0.22440414E+01 -0.12613029E+00
  0.22525415E+01 -0.11926713E+00
  0.22610417E+01 -0.11274803E+00
  0.22695418E+01 -0.10656680E+00
  0.22780420E+01 -0.10071712E+00
  0.22865421E+01 -0.95192478E-01
  0.22950423E+01 -0.89986048E-01
  0.23035424E+01 -0.85090709E-01
  0.23120426E+01 -0.80498972E-01
  0.23205428E+01 -0.76202958E-01
  0.23290429E+01 -0.72194373E-01
  0.23375431E+01 -0.68464495E-01
  0.23460432E+01 -0.65004177E-01
  0.23545434E+01 -0.61803847E-01
  0.23630435E+01 -0.58853537E-01
  0.23715437E+01 -0.56142902E-01
  0.23800439E+01 -0.53661267E-01
  0.23885440E+01 -0.51397673E-01
  0.23970442E+01 -0.49340931E-01
  0.24055443E+01 -0.47479695E-01
  0.24140445E+01 -0.45802527E-01
  0.24225446E+01 -0.44297981E-01
  0.24310448E+01 -0.42954684E-01
  0.24395450E+01 -0.41761427E-01
  0.24480451E+01 -0.40707253E-01
  0.24565453E+01 -0.39781550E-01
  0.24650454E+01 -0.38974141E-01
  0.24735456E+01 -0.38275378E-01
  0.24820457E+01 -0.37676228E-01
  0.24905459E+01 -0.37168354E-01
  0.24990461E+01 -0.36744201E-01
  0.25075462E+01 -0.36397062E-01
  0.25160464E+01 -0.36121145E-01
  0.25245465E+01 -0.35911631E-01
  0.25330467E+01 -0.35764722E-01
  0.25415468E+01 -0.35677676E-01
  0.25500470E+01 -0.35648839E-01
  0.25585573E+01 -0.34085947E-01
  0.25670676E+01 -0.29402319E-01
  0.25755779E+01 -0.21613007E-01
  0.25840883E+01 -0.10742781E-01
  0.25925986E+01  0.31743179E-02
  0.26011089E+01  0.20095586E-01
  0.26096192E+01  0.39970383E-01
  0.26181295E+01  0.62740955E-01
  0.26266399E+01  0.88343318E-01
  0.26351502E+01  0.11670816E+00
  0.26436605E+01  0.14776178E+00
  0.26521708E+01  0.18142691E+00
  0.26606811E+01  0.21762363E+00
  0.26691915E+01  0.25627006E+00
  0.26777018E+01  0.29728310E+00
  0.26862121E+01  0.34057904E+00
  0.26947224E+01  0.38607406E+00
  0.27032327E+01  0.43368468E+00
  0.27117430E+01  0.48332815E+00
  0.27202534E+01  0.53492272E+00
  0.27287637E+01  0.58838787E+00
  0.27372740E+01  0.64364448E+00
  0.27457843E+01  0.70061498E+00
  0.27542946E+01  0.75922338E+00
  0.27628050E+01  0.81939537E+00
  0.27713153E+01  0.88105834E+00
  0.27798256E+01  0.94414136E+00
  0.27883359E+01  0.10085752E+01
  0.27968462E+01  0.10742923E+01
  0.28053565E+01  0.11412269E+01
  0.28138669E+01  0.12093146E+01
  0.28223772E+01  0.12784928E+01
  0.28308875E+01  0.13487007E+01
  0.28393978E+01  0.14198788E+01
  0.28479081E+01  0.14919694E+01
  0.28564185E+01  0.15649163E+01
  0.28649288E+01  0.16386651E+01
  0.28734391E+01  0.17131627E+01
  0.28819494E+01  0.17883580E+01
  0.28904597E+01  0.18642015E+01
  0.28989701E+01  0.19406451E+01
  0.29074804E+01  0.20176428E+01
  0.29159907E+01  0.20951502E+01
  0.29245010E+01  0.21731245E+01
  0.29330113E+01  0.22515250E+01
  0.29415216E+01  0.23303126E+01
  0.29500320E+01  0.24094500E+01
  0.29585423E+01  0.24889018E+01
  0.29670526E+01  0.25686344E+01
  0.29755629E+01  0.26486161E+01
  0.29840732E+01  0.27288169E+01
  0.29925836E+01  0.28092085E+01
  0.30010939E+01  0.28897647E+01
  0.30096042E+01  0.29704605E+01
  0.30181145E+01  0.30512730E+01
  0.30266248E+01  0.31321806E+01
  0.30351352E+01  0.32131634E+01
  0.30436455E+01  0.32942028E+01
  0.30521558E+01  0.33752817E+01
  0.30606661E+01  0.34563843E+01
  0.30691764E+01  0.35374958E+01
  0.30776867E+01  0.36186026E+01
  0.30861971E+01  0.36996922E+01
  0.30947074E+01  0.37807527E+01
  0.31032177E+01  0.38617731E+01
  0.31117280E+01  0.39427433E+01
  0.31202383E+01  0.40236534E+01
  0.31287487E+01  0.41044942E+01
  0.31372590E+01  0.41852568E+01
  0.31457693E+01  0.42659325E+01
  0.31542796E+01  0.43465128E+01
  0.31627899E+01  0.44269895E+01
  0.31713002E+01  0.45073543E+01
  0.31798106E+01  0.45875987E+01
  0.31883209E+01  0.46677143E+01
  0.31968312E+01  0.47476925E+01
  0.32053415E+01  0.48275245E+01
  0.32138518E+01  0.49072013E+01
  0.32223622E+01  0.49867135E+01
  0.32308725E+01  0.50660514E+01
  0.32393828E+01  0.51452051E+01
  0.32478931E+01  0.52241644E+01
  0.32564034E+01  0.53029186E+01
  0.32649138E+01  0.53814568E+01
  0.32734241E+01  0.54597676E+01
  0.32819344E+01  0.55378394E+01
  0.32904447E+01  0.56156603E+01
  0.32989550E+01  0.56932181E+01
  0.33074653E+01  0.57705001E+01
  0.33159757E+01  0.58474935E+01
  0.33244860E+01  0.59241852E+01
  0.33329963E+01  0.60005620E+01
  0.33415066E+01  0.60766102E+01
  0.33500169E+01  0.61523160E+01
  0.33585273E+01  0.62276655E+01
  0.33670376E+01  0.63026445E+01
  0.33755479E+01  0.63772387E+01
  0.33840582E+01  0.64514337E+01
  0.33925685E+01  0.65252147E+01
  0.34010789E+01  0.65985670E+01
  0.34095892E+01  0.66714758E+01
  0.34180995E+01  0.67439260E+01
  0.34266098E+01  0.68159025E+01
  0.34351201E+01  0.68873900E+01
  0.34436304E+01  0.69583732E+01
  0.34521408E+01  0.70288366E+01
  0.34606511E+01  0.70987647E+01
  0.34691614E+01  0.71681416E+01
  0.34776717E+01  0.72369517E+01
  0.34861820E+01  0.73051790E+01
  0.34946924E+01  0.73728075E+01
  0.35032027E+01  0.74398210E+01
  0.35117130E+01  0.75062034E+01
  0.35202233E+01  0.75719382E+01
  0.35287336E+01  0.76370092E+01
  0.35372439E+01  0.77013997E+01
  0.35457543E+01  0.77650931E+01
  0.35542646E+01  0.78280728E+01
  0.35627749E+01  0.78903220E+01
  0.35712852E+01  0.79518239E+01
  0.35797955E+01  0.80125616E+01
  0.35883059E+01  0.80725183E+01
  0.35968162E+01  0.81316770E+01
  0.36053265E+01  0.81900208E+01
  0.36138368E+01  0.82475328E+01
  0.36223471E+01  0.83041960E+01
  0.36308575E+01  0.83599935E+01
  0.36393678E+01  0.84149086E+01
  0.36478781E+01  0.84689243E+01
  0.36563884E+01  0.85220241E+01
  0.36648987E+01  0.85741912E+01
  0.36734090E+01  0.86254090E+01
  0.36819194E+01  0.86756613E+01
  0.36904297E+01  0.87249315E+01
  0.36989400E+01  0.87732036E+01
  0.37074503E+01  0.88204615E+01
  0.37159606E+01  0.88666893E+01
  0.37244710E+01  0.89118711E+01
  0.37329813E+01  0.89559914E+01
  0.37414916E+01  0.89990349E+01
  0.37500019E+01  0.90409862E+01
  0.37585122E+01  0.90818302E+01
  0.37670226E+01  0.91215523E+01
  0.37755329E+01  0.91601376E+01
  0.37840432E+01  0.91975718E+01
  0.37925535E+01  0.92338406E+01
  0.38010638E+01  0.92689301E+01
  0.38095741E+01  0.93028265E+01
  0.38180845E+01  0.93355163E+01
  0.38265948E+01  0.93669864E+01
  0.38351051E+01  0.93972239E+01
  0.38436154E+01  0.94262161E+01
  0.38521257E+01  0.94539507E+01
  0.38606361E+01  0.94804159E+01
  0.38691464E+01  0.95056000E+01
  0.38776567E+01  0.95294918E+01
  0.38861670E+01  0.95520805E+01
  0.38946773E+01  0.95733558E+01
  0.39031876E+01  0.95933078E+01
  0.39116980E+01  0.96119271E+01
  0.39202083E+01  0.96292048E+01
  0.39287186E+01  0.96451324E+01
  0.39372289E+01  0.96597022E+01
  0.39457392E+01  0.96729069E+01
  0.39542496E+01  0.96847399E+01
  0.39627599E+01  0.96951953E+01
  0.39712702E+01  0.97042676E+01
  0.39797805E+01  0.97119521E+01
  0.39882908E+01  0.97182450E+01
  0.39968012E+01  0.97231429E+01
  0.40053115E+01  0.97266432E+01
  0.40138218E+01  0.97287442E+01
  0.40223321E+01  0.97294446E+01
  
