# energy grid [eV]     ieps_x  ieps_y  ieps_z
#
    0.000000000   15.623425214   15.623393160   15.623429751
    0.060120240   15.611038132   15.611006082   15.611042669
    0.120240481   15.587259953   15.587227913   15.587264489
    0.180360721   15.556040887   15.556008858   15.556045420
    0.240480962   15.517538238   15.517506224   15.517542769
    0.300601202   15.471887437   15.471855441   15.471891966
    0.360721443   15.419246934   15.419214959   15.419251459
    0.420841683   15.359796877   15.359764924   15.359801398
    0.480961924   15.293737453   15.293705527   15.293741970
    0.541082164   15.221287103   15.221255205   15.221291615
    0.601202405   15.142680614   15.142648747   15.142685121
    0.661322645   15.058167154   15.058135322   15.058171656
    0.721442886   14.968008253   14.967976458   14.968012749
    0.781563126   14.872475776   14.872444020   14.872480265
    0.841683367   14.771849904   14.771818191   14.771854387
    0.901803607   14.666417162   14.666385494   14.666421638
    0.961923848   14.556468501   14.556436881   14.556472970
    1.022044088   14.442297466   14.442265896   14.442301926
    1.082164329   14.324198459   14.324166942   14.324202911
    1.142284569   14.202465117   14.202433656   14.202469560
    1.202404810   14.077388807   14.077357404   14.077393241
    1.262525050   13.949257252   13.949225910   13.949261677
    1.322645291   13.818353290   13.818322010   13.818357704
    1.382765531   13.684953765   13.684922551   13.684958170
    1.442885772   13.549328559   13.549297412   13.549332952
    1.503006012   13.411739744   13.411708668   13.411744127
    1.563126253   13.272440880   13.272409876   13.272445251
    1.623246493   13.131676413   13.131645484   13.131680773
    1.683366733   12.989681211   12.989650360   12.989685559
    1.743486974   12.846680192   12.846649420   12.846684528
    1.803607214   12.702888062   12.702857371   12.702892385
    1.863727455   12.558509140   12.558478533   12.558513450
    1.923847695   12.413737274   12.413706753   12.413741571
    1.983967936   12.268755822   12.268725389   12.268760106
    2.044088176   12.123737713   12.123707370   12.123741983
    2.104208417   11.978845555   11.978815304   11.978849811
    2.164328657   11.834231803   11.834201646   11.834236044
    2.224448898   11.690038969   11.690008908   11.690043196
    2.284569138   11.546399868   11.546369905   11.546404080
    2.344689379   11.403437897   11.403408033   11.403442094
    2.404809619   11.261267339   11.261237577   11.261271521
    2.464929860   11.119993687   11.119964027   11.119997853
    2.525050100   10.979713980   10.979684425   10.979718131
    2.585170341   10.840517160   10.840487712   10.840521294
    2.645290581   10.702484422   10.702455082   10.702488540
    2.705410822   10.565689578   10.565660348   10.565693680
    2.765531062   10.430199421   10.430170302   10.430203506
    2.825651303   10.296074079   10.296045072   10.296078148
    2.885771543   10.163367377   10.163338484   10.163371428
    2.945891784   10.032127181   10.032098403   10.032131215
    3.006012024    9.902395745    9.902367084    9.902399762
    3.066132265    9.774210042    9.774181499    9.774214042
    3.126252505    9.647602088    9.647573665    9.647606070
    3.186372745    9.522599256    9.522570952    9.522603220
    3.246492986    9.399224573    9.399196392    9.399228520
    3.306613226    9.277497019    9.277468960    9.277500947
    3.366733467    9.157431794    9.157403858    9.157435704
    3.426853707    9.039040591    9.039012780    9.039044482
    3.486973948    8.922331846    8.922304161    8.922335719
    3.547094188    8.807310981    8.807283423    8.807314836
    3.607214429    8.693980630    8.693953199    8.693984466
    3.667334669    8.582340856    8.582313554    8.582344674
    3.727454910    8.472389361    8.472362188    8.472393159
    3.787575150    8.364121672    8.364094629    8.364125452
    3.847695391    8.257531330    8.257504418    8.257535091
    3.907815631    8.152610059    8.152583278    8.152613800
    3.967935872    8.049347927    8.049321278    8.049351649
    4.028056112    7.947733499    7.947706983    7.947737202
    4.088176353    7.847753981    7.847727599    7.847757665
    4.148296593    7.749395349    7.749369100    7.749399013
    4.208416834    7.652642474    7.652616359    7.652646119
    4.268537074    7.557479242    7.557453262    7.557482867
    4.328657315    7.463888658    7.463862814    7.463892264
    4.388777555    7.371852949    7.371827240    7.371856535
    4.448897796    7.281353657    7.281328084    7.281357224
    4.509018036    7.192371725    7.192346288    7.192375272
    4.569138277    7.104887581    7.104862280    7.104891108
    4.629258517    7.018881208    7.018856044    7.018884716
    4.689378758    6.934332218    6.934307191    6.934335706
    4.749498998    6.851219912    6.851195022    6.851223380
    4.809619238    6.769523342    6.769498589    6.769526790
    4.869739479    6.689221363    6.689196748    6.689224792
    4.929859719    6.610292686    6.610268208    6.610296095
    4.989979960    6.532715919    6.532691579    6.532719308
    5.050100200    6.456469614    6.456445411    6.456472983
    5.110220441    6.381532302    6.381508237    6.381535652
    5.170340681    6.307882532    6.307858605    6.307885863
    5.230460922    6.235498900    6.235475109    6.235502210
    5.290581162    6.164360076    6.164336423    6.164363367
    5.350701403    6.094444838    6.094421323    6.094448110
    5.410821643    6.025732089    6.025708711    6.025735341
    5.470941884    5.958200882    5.958177640    5.958204114
    5.531062124    5.891830437    5.891807332    5.891833650
    5.591182365    5.826600163    5.826577195    5.826603356
    5.651302605    5.762489668    5.762466836    5.762492842
    5.711422846    5.699478778    5.699456082    5.699481932
    5.771543086    5.637547544    5.637524985    5.637550680
    5.831663327    5.576676260    5.576653836    5.576679376
    5.891783567    5.516845464    5.516823176    5.516848561
    5.951903808    5.458035954    5.458013800    5.458039031
    6.012024048    5.400228787    5.400206768    5.400231846
    6.072144289    5.343405295    5.343383410    5.343408334
    6.132264529    5.287547079    5.287525328    5.287550100
    6.192384770    5.232636022    5.232614405    5.232639024
    6.252505010    5.178654288    5.178632804    5.178657271
    6.312625251    5.125584325    5.125562973    5.125587289
    6.372745491    5.073408865    5.073387645    5.073411810
    6.432865731    5.022110930    5.022089842    5.022113857
    6.492985972    4.971673828    4.971652872    4.971676737
    6.553106212    4.922081156    4.922060330    4.922084046
    6.613226453    4.873316797    4.873296101    4.873319668
    6.673346693    4.825364920    4.825344354    4.825367773
    6.733466934    4.778209980    4.778189543    4.778212814
    6.793587174    4.731836715    4.731816407    4.731839531
    6.853707415    4.686230145    4.686209965    4.686232943
    6.913827655    4.641375569    4.641355517    4.641378349
    6.973947896    4.597258561    4.597238637    4.597261324
    7.034068136    4.553864973    4.553845174    4.553867718
    7.094188377    4.511180923    4.511161251    4.511183650
    7.154308617    4.469192801    4.469173254    4.469195510
    7.214428858    4.427887259    4.427867836    4.427889950
    7.274549098    4.387251210    4.387231912    4.387253885
    7.334669339    4.347271828    4.347252653    4.347274485
    7.394789579    4.307936536    4.307917484    4.307939176
    7.454909820    4.269233012    4.269214082    4.269235635
    7.515030060    4.231149177    4.231130368    4.231151782
    7.575150301    4.193673195    4.193654508    4.193675784
    7.635270541    4.156793471    4.156774903    4.156796042
    7.695390782    4.120498641    4.120480193    4.120501196
    7.755511022    4.084777575    4.084759247    4.084780113
    7.815631263    4.049619368    4.049601158    4.049621890
    7.875751503    4.015013338    4.014995246    4.015015843
    7.935871743    3.980949022    3.980931046    3.980951510
    7.995991984    3.947416170    3.947398311    3.947418643
    8.056112224    3.914404746    3.914387002    3.914407202
    8.116232465    3.881904917    3.881887288    3.881907357
    8.176352705    3.849907056    3.849889541    3.849909480
    8.236472946    3.818401733    3.818384332    3.818404141
    8.296593186    3.787379712    3.787362424    3.787382104
    8.356713427    3.756831952    3.756814776    3.756834328
    8.416833667    3.726749595    3.726732531    3.726751956
    8.476953908    3.697123970    3.697107016    3.697126315
    8.537074148    3.667946583    3.667929739    3.667948913
    8.597194389    3.639209119    3.639192384    3.639211433
    8.657314629    3.610903433    3.610886807    3.610905732
    8.717434870    3.583021550    3.583005033    3.583023834
    8.777555110    3.555555662    3.555539252    3.555557931
    8.837675351    3.528498121    3.528481817    3.528500375
    8.897795591    3.501841438    3.501825240    3.501843677
    8.957915832    3.475578280    3.475562187    3.475580505
    9.018036072    3.449701465    3.449685477    3.449703676
    9.078156313    3.424203962    3.424188077    3.424206157
    9.138276553    3.399078882    3.399063101    3.399081063
    9.198396794    3.374319480    3.374303802    3.374321647
    9.258517034    3.349919153    3.349903576    3.349921306
    9.318637275    3.325871430    3.325855954    3.325873568
    9.378757515    3.302169976    3.302154600    3.302172100
    9.438877756    3.278808586    3.278793310    3.278810696
    9.498997996    3.255781182    3.255766005    3.255783279
    9.559118236    3.233081812    3.233066734    3.233083896
    9.619238477    3.210704646    3.210689665    3.210706716
    9.679358717    3.188643973    3.188629088    3.188646029
    9.739478958    3.166894198    3.166879410    3.166896240
    9.799599198    3.145449841    3.145435149    3.145451870
    9.859719439    3.124305536    3.124290938    3.124307552
    9.919839679    3.103456022    3.103441519    3.103458025
    9.979959920    3.082896149    3.082881739    3.082898139
   10.040080160    3.062620869    3.062606552    3.062622846
   10.100200401    3.042625237    3.042611013    3.042627202
   10.160320641    3.022904409    3.022890276    3.022906361
   10.220440882    3.003453638    3.003439595    3.003455576
   10.280561122    2.984268271    2.984254319    2.984270197
   10.340681363    2.965343751    2.965329889    2.965345665
   10.400801603    2.946675613    2.946661839    2.946677514
   10.460921844    2.928259478    2.928245792    2.928261367
   10.521042084    2.910091057    2.910077459    2.910092934
   10.581162325    2.892166148    2.892152637    2.892168012
   10.641282565    2.874480629    2.874467204    2.874482481
   10.701402806    2.857030462    2.857017122    2.857032303
   10.761523046    2.839811689    2.839798435    2.839813518
   10.821643287    2.822820430    2.822807260    2.822822247
   10.881763527    2.806052882    2.806039796    2.806054688
   10.941883768    2.789505316    2.789492313    2.789507110
   11.002004008    2.773174078    2.773161157    2.773175860
   11.062124248    2.757055582    2.757042744    2.757057354
   11.122244489    2.741146317    2.741133560    2.741148077
   11.182364729    2.725442837    2.725430160    2.725444586
   11.242484970    2.709941764    2.709929167    2.709943501
   11.302605210    2.694639786    2.694627269    2.694641512
   11.362725451    2.679533654    2.679521216    2.679535370
   11.422845691    2.664620184    2.664607824    2.664621889
   11.482965932    2.649896252    2.649883969    2.649897945
   11.543086172    2.635358793    2.635346587    2.635360476
   11.603206413    2.621004802    2.620992673    2.621006475
   11.663326653    2.606831333    2.606819280    2.606832995
   11.723446894    2.592835493    2.592823515    2.592837144
   11.783567134    2.579014446    2.579002544    2.579016088
   11.843687375    2.565365411    2.565353582    2.565367042
   11.903807615    2.551885657    2.551873902    2.551887277
   11.963927856    2.538572506    2.538560824    2.538574116
   12.024048096    2.525423331    2.525411721    2.525424931
   12.084168337    2.512435553    2.512424016    2.512437143
   12.144288577    2.499606643    2.499595177    2.499608223
   12.204408818    2.486934117    2.486922722    2.486935688
   12.264529058    2.474415541    2.474404216    2.474417102
   12.324649299    2.462048522    2.462037268    2.462050074
   12.384769539    2.449830715    2.449819530    2.449832257
   12.444889780    2.437759817    2.437748700    2.437761349
   12.505010020    2.425833565    2.425822517    2.425835088
   12.565130261    2.414049743    2.414038762    2.414051256
   12.625250501    2.402406171    2.402395257    2.402407675
   12.685370741    2.390900711    2.390889864    2.390902206
   12.745490982    2.379531265    2.379520484    2.379532750
   12.805611222    2.368295770    2.368285055    2.368297247
   12.865731463    2.357192204    2.357181554    2.357193671
   12.925851703    2.346218579    2.346207993    2.346220038
   12.985971944    2.335372945    2.335362423    2.335374394
   13.046092184    2.324653385    2.324642927    2.324654826
   13.106212425    2.314058019    2.314047624    2.314059451
   13.166332665    2.303584998    2.303574666    2.303586422
   13.226452906    2.293232509    2.293222239    2.293233924
   13.286573146    2.282998768    2.282988560    2.283000174
   13.346693387    2.272882025    2.272871879    2.272883423
   13.406813627    2.262880562    2.262870475    2.262881951
   13.466933868    2.252992687    2.252982661    2.252994068
   13.527054108    2.243216743    2.243206777    2.243218116
   13.587174349    2.233551099    2.233541193    2.233552464
   13.647294589    2.223994154    2.223984306    2.223995510
   13.707414830    2.214544334    2.214534545    2.214545682
   13.767535070    2.205200093    2.205190362    2.205201433
   13.827655311    2.195959911    2.195950238    2.195961244
   13.887775551    2.186822297    2.186812681    2.186823622
   13.947895792    2.177785783    2.177776224    2.177787100
   14.008016032    2.168848928    2.168839425    2.168850237
   14.068136273    2.160010314    2.160000867    2.160011615
   14.128256513    2.151268550    2.151259158    2.151269843
   14.188376754    2.142622266    2.142612929    2.142623552
   14.248496994    2.134070118    2.134060835    2.134071396
   14.308617234    2.125610782    2.125601554    2.125612053
   14.368737475    2.117242959    2.117233785    2.117244223
   14.428857715    2.108965372    2.108956251    2.108966628
   14.488977956    2.100776763    2.100767695    2.100778012
   14.549098196    2.092675899    2.092666883    2.092677140
   14.609218437    2.084661563    2.084652599    2.084662797
   14.669338677    2.076732562    2.076723650    2.076733789
   14.729458918    2.068887723    2.068878862    2.068888942
   14.789579158    2.061125890    2.061117080    2.061127102
   14.849699399    2.053445928    2.053437169    2.053447133
   14.909819639    2.045846720    2.045838012    2.045847919
   14.969939880    2.038327169    2.038318510    2.038328361
   15.030060120    2.030886195    2.030877585    2.030887380
   15.090180361    2.023522734    2.023514174    2.023523913
   15.150300601    2.016235743    2.016227231    2.016236915
   15.210420842    2.009024194    2.009015730    2.009025359
   15.270541082    2.001887075    2.001878659    2.001888233
   15.330661323    1.994823392    1.994815024    1.994824543
   15.390781563    1.987832166    1.987823846    1.987833312
   15.450901804    1.980912436    1.980904162    1.980913575
   15.511022044    1.974063254    1.974055026    1.974064386
   15.571142285    1.967283687    1.967275506    1.967284813
   15.631262525    1.960572820    1.960564685    1.960573939
   15.691382766    1.953929749    1.953921660    1.953930862
   15.751503006    1.947353588    1.947345543    1.947354695
   15.811623246    1.940843462    1.940835462    1.940844563
   15.871743487    1.934398511    1.934390556    1.934399606
   15.931863727    1.928017890    1.928009979    1.928018979
   15.991983968    1.921700766    1.921692899    1.921701848
   16.052104208    1.915446318    1.915438494    1.915447394
   16.112224449    1.909253740    1.909245959    1.909254810
   16.172344689    1.903122237    1.903114500    1.903123302
   16.232464930    1.897051029    1.897043334    1.897052088
   16.292585170    1.891039344    1.891031692    1.891040397
   16.352705411    1.885086427    1.885078816    1.885087474
   16.412825651    1.879191529    1.879183960    1.879192570
   16.472945892    1.873353918    1.873346390    1.873354953
   16.533066132    1.867572870    1.867565383    1.867573900
   16.593186373    1.861847672    1.861840226    1.861848697
   16.653306613    1.856177625    1.856170219    1.856178644
   16.713426854    1.850562038    1.850554672    1.850563051
   16.773547094    1.845000230    1.844992904    1.845001238
   16.833667335    1.839491533    1.839484246    1.839492535
   16.893787575    1.834035286    1.834028039    1.834036283
   16.953907816    1.828630842    1.828623634    1.828631833
   17.014028056    1.823277560    1.823270390    1.823278546
   17.074148297    1.817974810    1.817967679    1.817975791
   17.134268537    1.812721972    1.812714879    1.812722948
   17.194388778    1.807518435    1.807511380    1.807519405
   17.254509018    1.802363597    1.802356579    1.802364562
   17.314629259    1.797256864    1.797249884    1.797257824
   17.374749499    1.792197653    1.792190710    1.792198608
   17.434869739    1.787185388    1.787178482    1.787186338
   17.494989980    1.782219502    1.782212632    1.782220447
   17.555110220    1.777299436    1.777292602    1.777300376
   17.615230461    1.772424640    1.772417842    1.772425575
   17.675350701    1.767594571    1.767587809    1.767595501
   17.735470942    1.762808695    1.762801969    1.762809620
   17.795591182    1.758066486    1.758059794    1.758067406
   17.855711423    1.753367423    1.753360766    1.753368338
   17.915831663    1.748710996    1.748704374    1.748711907
   17.975951904    1.744096701    1.744090114    1.744097607
   18.036072144    1.739524042    1.739517488    1.739524943
   18.096192385    1.734992527    1.734986008    1.734993424
   18.156312625    1.730501675    1.730495190    1.730502567
   18.216432866    1.726051011    1.726044559    1.726051898
   18.276553106    1.721640065    1.721633646    1.721640947
   18.336673347    1.717268375    1.717261989    1.717269253
   18.396793587    1.712935485    1.712929132    1.712936359
   18.456913828    1.708640948    1.708634627    1.708641817
   18.517034068    1.704384319    1.704378030    1.704385183
   18.577154309    1.700165162    1.700158906    1.700166022
   18.637274549    1.695983047    1.695976823    1.695983903
   18.697394790    1.691837550    1.691831357    1.691838402
   18.757515030    1.687728252    1.687722091    1.687729100
   18.817635271    1.683654741    1.683648611    1.683655584
   18.877755511    1.679616611    1.679610511    1.679617449
   18.937875752    1.675613459    1.675607390    1.675614293
   18.997995992    1.671644890    1.671638852    1.671645720
   19.058116232    1.667710515    1.667704508    1.667711341
   19.118236473    1.663809949    1.663803972    1.663810771
   19.178356713    1.659942813    1.659936865    1.659943630
   19.238476954    1.656108731    1.656102813    1.656109545
   19.298597194    1.652307336    1.652301448    1.652308146
   19.358717435    1.648538263    1.648532404    1.648539069
   19.418837675    1.644801154    1.644795324    1.644801956
   19.478957916    1.641095654    1.641089853    1.641096451
   19.539078156    1.637421414    1.637415641    1.637422207
   19.599198397    1.633778089    1.633772345    1.633778879
   19.659318637    1.630165340    1.630159624    1.630166125
   19.719438878    1.626582831    1.626577143    1.626583612
   19.779559118    1.623030231    1.623024571    1.623031009
   19.839679359    1.619507214    1.619501582    1.619507988
   19.899799599    1.616013458    1.616007854    1.616014228
   19.959919840    1.612548645    1.612543068    1.612549412
   20.020040080    1.609112462    1.609106912    1.609113225
   20.080160321    1.605704599    1.605699077    1.605705359
   20.140280561    1.602324752    1.602319256    1.602325507
   20.200400802    1.598972618    1.598967149    1.598973370
   20.260521042    1.595647902    1.595642459    1.595648650
   20.320641283    1.592350308    1.592344892    1.592351053
   20.380761523    1.589079549    1.589074158    1.589080290
   20.440881764    1.585835338    1.585829973    1.585836076
   20.501002004    1.582617394    1.582612055    1.582618128
   20.561122244    1.579425437    1.579420124    1.579426168
   20.621242485    1.576259195    1.576253906    1.576259921
   20.681362725    1.573118394    1.573113131    1.573119118
   20.741482966    1.570002769    1.569997531    1.570003489
   20.801603206    1.566912054    1.566906841    1.566912771
   20.861723447    1.563845990    1.563840801    1.563846703
   20.921843687    1.560804318    1.560799154    1.560805028
   20.981963928    1.557786785    1.557781645    1.557787491
   21.042084168    1.554793139    1.554788024    1.554793842
   21.102204409    1.551823134    1.551818043    1.551823834
   21.162324649    1.548876525    1.548871458    1.548877222
   21.222444890    1.545953070    1.545948027    1.545953763
   21.282565130    1.543052532    1.543047512    1.543053222
   21.342685371    1.540174674    1.540169678    1.540175361
   21.402805611    1.537319265    1.537314292    1.537319948
   21.462925852    1.534486075    1.534481125    1.534486755
   21.523046092    1.531674878    1.531669951    1.531675555
   21.583166333    1.528885449    1.528880545    1.528886123
   21.643286573    1.526117569    1.526112688    1.526118240
   21.703406814    1.523371019    1.523366160    1.523371687
   21.763527054    1.520645584    1.520640747    1.520646249
   21.823647295    1.517941050    1.517936236    1.517941712
   21.883767535    1.515257209    1.515252417    1.515257867
   21.943887776    1.512593852    1.512589081    1.512594507
   22.004008016    1.509950774    1.509946025    1.509951426
   22.064128257    1.507327773    1.507323046    1.507328422
   22.124248497    1.504724649    1.504719944    1.504725295
   22.184368737    1.502141205    1.502136521    1.502141848
   22.244488978    1.499577245    1.499572582    1.499577885
   22.304609218    1.497032577    1.497027935    1.497033215
   22.364729459    1.494507010    1.494502390    1.494507645
   22.424849699    1.492000357    1.491995758    1.492000989
   22.484969940    1.489512432    1.489507853    1.489513061
   22.545090180    1.487043051    1.487038492    1.487043677
   22.605210421    1.484592032    1.484587494    1.484592656
   22.665330661    1.482159198    1.482154680    1.482159819
   22.725450902    1.479744370    1.479739873    1.479744988
   22.785571142    1.477347374    1.477342897    1.477347989
   22.845691383    1.474968037    1.474963580    1.474968650
   22.905811623    1.472606189    1.472601752    1.472606799
   22.965931864    1.470261661    1.470257243    1.470262268
   23.026052104    1.467934285    1.467929887    1.467934890
   23.086172345    1.465623899    1.465619520    1.465624500
   23.146292585    1.463330337    1.463325978    1.463330936
   23.206412826    1.461053441    1.461049101    1.461054038
   23.266533066    1.458793051    1.458788730    1.458793645
   23.326653307    1.456549009    1.456544707    1.456549601
   23.386773547    1.454321162    1.454316878    1.454321750
   23.446893788    1.452109354    1.452105089    1.452109940
   23.507014028    1.449913435    1.449909189    1.449914019
   23.567134269    1.447733255    1.447729027    1.447733836
   23.627254509    1.445568666    1.445564456    1.445569244
   23.687374749    1.443419520    1.443415329    1.443420096
   23.747494990    1.441285675    1.441281502    1.441286248
   23.807615230    1.439166986    1.439162831    1.439167556
   23.867735471    1.437063312    1.437059175    1.437063880
   23.927855711    1.434974513    1.434970394    1.434975079
   23.987975952    1.432900452    1.432896350    1.432901015
   24.048096192    1.430840991    1.430836907    1.430841552
   24.108216433    1.428795996    1.428791930    1.428796554
   24.168336673    1.426765333    1.426761284    1.426765889
   24.228456914    1.424748870    1.424744838    1.424749424
   24.288577154    1.422746477    1.422742463    1.422747028
   24.348697395    1.420758025    1.420754027    1.420758574
   24.408817635    1.418783385    1.418779405    1.418783932
   24.468937876    1.416822433    1.416818470    1.416822978
   24.529058116    1.414875044    1.414871097    1.414875586
   24.589178357    1.412941094    1.412937164    1.412941633
   24.649298597    1.411020460    1.411016547    1.411020998
   24.709418838    1.409113024    1.409109127    1.409113559
   24.769539078    1.407218665    1.407214785    1.407219198
   24.829659319    1.405337266    1.405333402    1.405337797
   24.889779559    1.403468711    1.403464862    1.403469239
   24.949899800    1.401612883    1.401609051    1.401613409
   25.010020040    1.399769669    1.399765853    1.399770193
   25.070140281    1.397938956    1.397935156    1.397939478
   25.130260521    1.396120633    1.396116849    1.396121153
   25.190380762    1.394314590    1.394310821    1.394315107
   25.250501002    1.392520717    1.392516964    1.392521232
   25.310621242    1.390738906    1.390735169    1.390739420
   25.370741483    1.388969052    1.388965330    1.388969563
   25.430861723    1.387211048    1.387207341    1.387211557
   25.490981964    1.385464790    1.385461099    1.385465297
   25.551102204    1.383730175    1.383726499    1.383730680
   25.611222445    1.382007101    1.382003440    1.382007604
   25.671342685    1.380295467    1.380291820    1.380295967
   25.731462926    1.378595172    1.378591541    1.378595671
   25.791583166    1.376906119    1.376902502    1.376906615
   25.851703407    1.375228208    1.375224606    1.375228703
   25.911823647    1.373561345    1.373557757    1.373561837
   25.971943888    1.371905432    1.371901859    1.371905923
   26.032064128    1.370260375    1.370256817    1.370260864
   26.092184369    1.368626081    1.368622537    1.368626568
   26.152304609    1.367002457    1.366998928    1.367002942
   26.212424850    1.365389412    1.365385896    1.365389894
   26.272545090    1.363786853    1.363783352    1.363787334
   26.332665331    1.362194693    1.362191206    1.362195172
   26.392785571    1.360612842    1.360609368    1.360613319
   26.452905812    1.359041211    1.359037752    1.359041687
   26.513026052    1.357479715    1.357476270    1.357480189
   26.573146293    1.355928268    1.355924836    1.355928739
   26.633266533    1.354386783    1.354383365    1.354387253
   26.693386774    1.352855178    1.352851773    1.352855645
   26.753507014    1.351333368    1.351329976    1.351333833
   26.813627255    1.349821271    1.349817893    1.349821735
   26.873747495    1.348318805    1.348315441    1.348319267
   26.933867735    1.346825890    1.346822539    1.346826351
   26.993987976    1.345342446    1.345339108    1.345342905
   27.054108216    1.343868394    1.343865069    1.343868851
   27.114228457    1.342403655    1.342400343    1.342404110
   27.174348697    1.340948152    1.340944853    1.340948605
   27.234468938    1.339501808    1.339498522    1.339502260
   27.294589178    1.338064548    1.338061274    1.338064997
   27.354709419    1.336636295    1.336633035    1.336636743
   27.414829659    1.335216977    1.335213729    1.335217423
   27.474949900    1.333806518    1.333803283    1.333806963
   27.535070140    1.332404847    1.332401625    1.332405290
   27.595190381    1.331011892    1.331008682    1.331012333
   27.655310621    1.329627580    1.329624382    1.329628019
   27.715430862    1.328251841    1.328248656    1.328252279
   27.775551102    1.326884606    1.326881433    1.326885042
   27.835671343    1.325525805    1.325522644    1.325526239
   27.895791583    1.324175369    1.324172220    1.324175801
   27.955911824    1.322833231    1.322830094    1.322833661
   28.016032064    1.321499323    1.321496198    1.321499752
   28.076152305    1.320173579    1.320170466    1.320174007
   28.136272545    1.318855934    1.318852833    1.318856360
   28.196392786    1.317546321    1.317543232    1.317546745
   28.256513026    1.316244677    1.316241599    1.316245100
   28.316633267    1.314950937    1.314947871    1.314951358
   28.376753507    1.313665039    1.313661984    1.313665458
   28.436873747    1.312386919    1.312383876    1.312387337
   28.496993988    1.311116516    1.311113485    1.311116932
   28.557114228    1.309853768    1.309850748    1.309854183
   28.617234469    1.308598615    1.308595606    1.308599028
   28.677354709    1.307350995    1.307347998    1.307351407
   28.737474950    1.306110851    1.306107865    1.306111261
   28.797595190    1.304878122    1.304875147    1.304878530
   28.857715431    1.303652750    1.303649786    1.303653157
   28.917835671    1.302434677    1.302431724    1.302435083
   28.977955912    1.301223846    1.301220905    1.301224250
   29.038076152    1.300020201    1.300017270    1.300020603
   29.098196393    1.298823684    1.298820764    1.298824085
   29.158316633    1.297634241    1.297631332    1.297634640
   29.218436874    1.296451816    1.296448917    1.296452214
   29.278557114    1.295276354    1.295273467    1.295276751
   29.338677355    1.294107802    1.294104925    1.294108197
   29.398797595    1.292946106    1.292943239    1.292946500
   29.458917836    1.291791213    1.291788357    1.291791605
   29.519038076    1.290643070    1.290640224    1.290643460
   29.579158317    1.289501625    1.289498790    1.289502014
   29.639278557    1.288366827    1.288364003    1.288367215
   29.699398798    1.287238625    1.287235811    1.287239012
   29.759519038    1.286116968    1.286114164    1.286117353
   29.819639279    1.285001806    1.284999012    1.285002190
   29.879759519    1.283893090    1.283890306    1.283893472
   29.939879760    1.282790770    1.282787996    1.282791151
   30.000000000    1.281694798    1.281692034    1.281695177
