  0.00000000E+00 -0.21237070E+02
  0.85001566E-02 -0.21236848E+02
  0.17000313E-01 -0.21236210E+02
  0.25500470E-01 -0.21235155E+02
  0.34000627E-01 -0.21233683E+02
  0.42500783E-01 -0.21231794E+02
  0.51000940E-01 -0.21229490E+02
  0.59501096E-01 -0.21226770E+02
  0.68001253E-01 -0.21223635E+02
  0.76501410E-01 -0.21220086E+02
  0.85001566E-01 -0.21216122E+02
  0.93501723E-01 -0.21211745E+02
  0.10200188E+00 -0.21206956E+02
  0.11050204E+00 -0.21201753E+02
  0.11900219E+00 -0.21196140E+02
  0.12750235E+00 -0.21190115E+02
  0.13600251E+00 -0.21183679E+02
  0.14450266E+00 -0.21176833E+02
  0.15300282E+00 -0.21169578E+02
  0.16150298E+00 -0.21161914E+02
  0.17000313E+00 -0.21153841E+02
  0.17850329E+00 -0.21145360E+02
  0.18700345E+00 -0.21136470E+02
  0.19550360E+00 -0.21127174E+02
  0.20400376E+00 -0.21117469E+02
  0.21250392E+00 -0.21107358E+02
  0.22100407E+00 -0.21096840E+02
  0.22950423E+00 -0.21085914E+02
  0.23800439E+00 -0.21074582E+02
  0.24650454E+00 -0.21062844E+02
  0.25500470E+00 -0.21050699E+02
  0.26350486E+00 -0.21038148E+02
  0.27200501E+00 -0.21025190E+02
  0.28050517E+00 -0.21011826E+02
  0.28900533E+00 -0.20998056E+02
  0.29750548E+00 -0.20983880E+02
  0.30600564E+00 -0.20969299E+02
  0.31450580E+00 -0.20954312E+02
  0.32300595E+00 -0.20938920E+02
  0.33150611E+00 -0.20923123E+02
  0.34000627E+00 -0.20906922E+02
  0.34850642E+00 -0.20890318E+02
  0.35700658E+00 -0.20873310E+02
  0.36550674E+00 -0.20855900E+02
  0.37400689E+00 -0.20838088E+02
  0.38250705E+00 -0.20819876E+02
  0.39100721E+00 -0.20801265E+02
  0.39950736E+00 -0.20782254E+02
  0.40800752E+00 -0.20762847E+02
  0.41650768E+00 -0.20743043E+02
  0.42500783E+00 -0.20722845E+02
  0.43350799E+00 -0.20702254E+02
  0.44200815E+00 -0.20681271E+02
  0.45050830E+00 -0.20659898E+02
  0.45900846E+00 -0.20638136E+02
  0.46750862E+00 -0.20615987E+02
  0.47600877E+00 -0.20593453E+02
  0.48450893E+00 -0.20570535E+02
  0.49300908E+00 -0.20547236E+02
  0.50150924E+00 -0.20523556E+02
  0.51000940E+00 -0.20499497E+02
  0.51850955E+00 -0.20475061E+02
  0.52700971E+00 -0.20450249E+02
  0.53550987E+00 -0.20425063E+02
  0.54401002E+00 -0.20399504E+02
  0.55251018E+00 -0.20373573E+02
  0.56101034E+00 -0.20347272E+02
  0.56951049E+00 -0.20320601E+02
  0.57801065E+00 -0.20293563E+02
  0.58651081E+00 -0.20266156E+02
  0.59501096E+00 -0.20238383E+02
  0.60351112E+00 -0.20210244E+02
  0.61201128E+00 -0.20181739E+02
  0.62051143E+00 -0.20152870E+02
  0.62901159E+00 -0.20123636E+02
  0.63751175E+00 -0.20094038E+02
  0.64601190E+00 -0.20064077E+02
  0.65451206E+00 -0.20033752E+02
  0.66301222E+00 -0.20003063E+02
  0.67151237E+00 -0.19972012E+02
  0.68001253E+00 -0.19940598E+02
  0.68851269E+00 -0.19908821E+02
  0.69701284E+00 -0.19876681E+02
  0.70551300E+00 -0.19844180E+02
  0.71401316E+00 -0.19811317E+02
  0.72251331E+00 -0.19778093E+02
  0.73101347E+00 -0.19744508E+02
  0.73951363E+00 -0.19710563E+02
  0.74801378E+00 -0.19676258E+02
  0.75651394E+00 -0.19641595E+02
  0.76501410E+00 -0.19606574E+02
  0.77351425E+00 -0.19571197E+02
  0.78201441E+00 -0.19535465E+02
  0.79051457E+00 -0.19499379E+02
  0.79901472E+00 -0.19462941E+02
  0.80751488E+00 -0.19426152E+02
  0.81601504E+00 -0.19389015E+02
  0.82451519E+00 -0.19351532E+02
  0.83301535E+00 -0.19313704E+02
  0.84151551E+00 -0.19275533E+02
  0.85001566E+00 -0.19237023E+02
  0.85851582E+00 -0.19198176E+02
  0.86701598E+00 -0.19158994E+02
  0.87551613E+00 -0.19119479E+02
  0.88401629E+00 -0.19079634E+02
  0.89251645E+00 -0.19039462E+02
  0.90101660E+00 -0.18998966E+02
  0.90951676E+00 -0.18958147E+02
  0.91801692E+00 -0.18917009E+02
  0.92651707E+00 -0.18875553E+02
  0.93501723E+00 -0.18833783E+02
  0.94351739E+00 -0.18791700E+02
  0.95201754E+00 -0.18749307E+02
  0.96051770E+00 -0.18706605E+02
  0.96901786E+00 -0.18663596E+02
  0.97751801E+00 -0.18620283E+02
  0.98601817E+00 -0.18576666E+02
  0.99451833E+00 -0.18532747E+02
  0.10030185E+01 -0.18488528E+02
  0.10115186E+01 -0.18444009E+02
  0.10200188E+01 -0.18399192E+02
  0.10285190E+01 -0.18354076E+02
  0.10370191E+01 -0.18308664E+02
  0.10455193E+01 -0.18262955E+02
  0.10540194E+01 -0.18216950E+02
  0.10625196E+01 -0.18170649E+02
  0.10710197E+01 -0.18124053E+02
  0.10795199E+01 -0.18077163E+02
  0.10880200E+01 -0.18029977E+02
  0.10965202E+01 -0.17982498E+02
  0.11050204E+01 -0.17934725E+02
  0.11135205E+01 -0.17886659E+02
  0.11220207E+01 -0.17838300E+02
  0.11305208E+01 -0.17789650E+02
  0.11390210E+01 -0.17740710E+02
  0.11475211E+01 -0.17691480E+02
  0.11560213E+01 -0.17641962E+02
  0.11645215E+01 -0.17592158E+02
  0.11730216E+01 -0.17542069E+02
  0.11815218E+01 -0.17491699E+02
  0.11900219E+01 -0.17441050E+02
  0.11985221E+01 -0.17390124E+02
  0.12070222E+01 -0.17338925E+02
  0.12155224E+01 -0.17287457E+02
  0.12240226E+01 -0.17235724E+02
  0.12325227E+01 -0.17183730E+02
  0.12410229E+01 -0.17131480E+02
  0.12495230E+01 -0.17078979E+02
  0.12580232E+01 -0.17026232E+02
  0.12665233E+01 -0.16973245E+02
  0.12750235E+01 -0.16920025E+02
  0.12835237E+01 -0.16866578E+02
  0.12920238E+01 -0.16812910E+02
  0.13005240E+01 -0.16759029E+02
  0.13090241E+01 -0.16704942E+02
  0.13175243E+01 -0.16650658E+02
  0.13260244E+01 -0.16596182E+02
  0.13345246E+01 -0.16541525E+02
  0.13430247E+01 -0.16486695E+02
  0.13515249E+01 -0.16431700E+02
  0.13600251E+01 -0.16376549E+02
  0.13685252E+01 -0.16321253E+02
  0.13770254E+01 -0.16265820E+02
  0.13855255E+01 -0.16210262E+02
  0.13940257E+01 -0.16154588E+02
  0.14025258E+01 -0.16098810E+02
  0.14110260E+01 -0.16042940E+02
  0.14195262E+01 -0.15986990E+02
  0.14280263E+01 -0.15930974E+02
  0.14365265E+01 -0.15874905E+02
  0.14450266E+01 -0.15818800E+02
  0.14535268E+01 -0.15762674E+02
  0.14620269E+01 -0.15706545E+02
  0.14705271E+01 -0.15650433E+02
  0.14790273E+01 -0.15594360E+02
  0.14875274E+01 -0.15538348E+02
  0.14960276E+01 -0.15482424E+02
  0.15045277E+01 -0.15426615E+02
  0.15130279E+01 -0.15370954E+02
  0.15215280E+01 -0.15315474E+02
  0.15300282E+01 -0.15260215E+02
  0.15385284E+01 -0.15205218E+02
  0.15470285E+01 -0.15150531E+02
  0.15555287E+01 -0.15096205E+02
  0.15640288E+01 -0.15042298E+02
  0.15725290E+01 -0.14988871E+02
  0.15810291E+01 -0.14935994E+02
  0.15895293E+01 -0.14883743E+02
  0.15980294E+01 -0.14832199E+02
  0.16065296E+01 -0.14781452E+02
  0.16150298E+01 -0.14731597E+02
  0.16235299E+01 -0.14682739E+02
  0.16320301E+01 -0.14634988E+02
  0.16405302E+01 -0.14588460E+02
  0.16490304E+01 -0.14543277E+02
  0.16575305E+01 -0.14499567E+02
  0.16660307E+01 -0.14457458E+02
  0.16745309E+01 -0.14417084E+02
  0.16830310E+01 -0.14378578E+02
  0.16915312E+01 -0.14342102E+02
  0.17000313E+01 -0.14310713E+02
  0.17085315E+01 -0.14342746E+02
  0.17170316E+01 -0.14375584E+02
  0.17255318E+01 -0.14408127E+02
  0.17340320E+01 -0.14440354E+02
  0.17425321E+01 -0.14472261E+02
  0.17510323E+01 -0.14503845E+02
  0.17595324E+01 -0.14535108E+02
  0.17680326E+01 -0.14566047E+02
  0.17765327E+01 -0.14596663E+02
  0.17850329E+01 -0.14626956E+02
  0.17935331E+01 -0.14656925E+02
  0.18020332E+01 -0.14686570E+02
  0.18105334E+01 -0.14715892E+02
  0.18190335E+01 -0.14744890E+02
  0.18275337E+01 -0.14773563E+02
  0.18360338E+01 -0.14801913E+02
  0.18445340E+01 -0.14829937E+02
  0.18530341E+01 -0.14857637E+02
  0.18615343E+01 -0.14885011E+02
  0.18700345E+01 -0.14912060E+02
  0.18785346E+01 -0.14938784E+02
  0.18870348E+01 -0.14965181E+02
  0.18955349E+01 -0.14991252E+02
  0.19040351E+01 -0.15016996E+02
  0.19125352E+01 -0.15042414E+02
  0.19210354E+01 -0.15067504E+02
  0.19295356E+01 -0.15092266E+02
  0.19380357E+01 -0.15116701E+02
  0.19465359E+01 -0.15140807E+02
  0.19550360E+01 -0.15164584E+02
  0.19635362E+01 -0.15188032E+02
  0.19720363E+01 -0.15211151E+02
  0.19805365E+01 -0.15233941E+02
  0.19890367E+01 -0.15256400E+02
  0.19975368E+01 -0.15278529E+02
  0.20060370E+01 -0.15300327E+02
  0.20145371E+01 -0.15321794E+02
  0.20230373E+01 -0.15342929E+02
  0.20315374E+01 -0.15363733E+02
  0.20400376E+01 -0.15384204E+02
  0.20485377E+01 -0.15404343E+02
  0.20570379E+01 -0.15424149E+02
  0.20655381E+01 -0.15443622E+02
  0.20740382E+01 -0.15462761E+02
  0.20825384E+01 -0.15481566E+02
  0.20910385E+01 -0.15500037E+02
  0.20995387E+01 -0.15518173E+02
  0.21080388E+01 -0.15535974E+02
  0.21165390E+01 -0.15553439E+02
  0.21250392E+01 -0.15570568E+02
  0.21335393E+01 -0.15587361E+02
  0.21420395E+01 -0.15603817E+02
  0.21505396E+01 -0.15619935E+02
  0.21590398E+01 -0.15635717E+02
  0.21675399E+01 -0.15651160E+02
  0.21760401E+01 -0.15666265E+02
  0.21845403E+01 -0.15681031E+02
  0.21930404E+01 -0.15695458E+02
  0.22015406E+01 -0.15709546E+02
  0.22100407E+01 -0.15723294E+02
  0.22185409E+01 -0.15736702E+02
  0.22270410E+01 -0.15749770E+02
  0.22355412E+01 -0.15762496E+02
  0.22440414E+01 -0.15774882E+02
  0.22525415E+01 -0.15786927E+02
  0.22610417E+01 -0.15798631E+02
  0.22695418E+01 -0.15809994E+02
  0.22780420E+01 -0.15821014E+02
  0.22865421E+01 -0.15831694E+02
  0.22950423E+01 -0.15842031E+02
  0.23035424E+01 -0.15852027E+02
  0.23120426E+01 -0.15861682E+02
  0.23205428E+01 -0.15870995E+02
  0.23290429E+01 -0.15879966E+02
  0.23375431E+01 -0.15888597E+02
  0.23460432E+01 -0.15896886E+02
  0.23545434E+01 -0.15904834E+02
  0.23630435E+01 -0.15912441E+02
  0.23715437E+01 -0.15919708E+02
  0.23800439E+01 -0.15926635E+02
  0.23885440E+01 -0.15933222E+02
  0.23970442E+01 -0.15939469E+02
  0.24055443E+01 -0.15945377E+02
  0.24140445E+01 -0.15950946E+02
  0.24225446E+01 -0.15956176E+02
  0.24310448E+01 -0.15961067E+02
  0.24395450E+01 -0.15965621E+02
  0.24480451E+01 -0.15969836E+02
  0.24565453E+01 -0.15973714E+02
  0.24650454E+01 -0.15977255E+02
  0.24735456E+01 -0.15980458E+02
  0.24820457E+01 -0.15983325E+02
  0.24905459E+01 -0.15985854E+02
  0.24990461E+01 -0.15988048E+02
  0.25075462E+01 -0.15989904E+02
  0.25160464E+01 -0.15991424E+02
  0.25245465E+01 -0.15992608E+02
  0.25330467E+01 -0.15993455E+02
  0.25415468E+01 -0.15993966E+02
  0.25500470E+01 -0.15994140E+02
  0.25585573E+01 -0.15997098E+02
  0.25670676E+01 -0.16005965E+02
  0.25755779E+01 -0.16020492E+02
  0.25840883E+01 -0.16040298E+02
  0.25925986E+01 -0.16064911E+02
  0.26011089E+01 -0.16093815E+02
  0.26096192E+01 -0.16126487E+02
  0.26181295E+01 -0.16162426E+02
  0.26266399E+01 -0.16201169E+02
  0.26351502E+01 -0.16242299E+02
  0.26436605E+01 -0.16285452E+02
  0.26521708E+01 -0.16330308E+02
  0.26606811E+01 -0.16376594E+02
  0.26691915E+01 -0.16424076E+02
  0.26777018E+01 -0.16472554E+02
  0.26862121E+01 -0.16521857E+02
  0.26947224E+01 -0.16571838E+02
  0.27032327E+01 -0.16622374E+02
  0.27117430E+01 -0.16673357E+02
  0.27202534E+01 -0.16724696E+02
  0.27287637E+01 -0.16776310E+02
  0.27372740E+01 -0.16828132E+02
  0.27457843E+01 -0.16880101E+02
  0.27542946E+01 -0.16932165E+02
  0.27628050E+01 -0.16984279E+02
  0.27713153E+01 -0.17036402E+02
  0.27798256E+01 -0.17088499E+02
  0.27883359E+01 -0.17140539E+02
  0.27968462E+01 -0.17192493E+02
  0.28053565E+01 -0.17244337E+02
  0.28138669E+01 -0.17296048E+02
  0.28223772E+01 -0.17347607E+02
  0.28308875E+01 -0.17398996E+02
  0.28393978E+01 -0.17450197E+02
  0.28479081E+01 -0.17501198E+02
  0.28564185E+01 -0.17551984E+02
  0.28649288E+01 -0.17602544E+02
  0.28734391E+01 -0.17652867E+02
  0.28819494E+01 -0.17702943E+02
  0.28904597E+01 -0.17752763E+02
  0.28989701E+01 -0.17802319E+02
  0.29074804E+01 -0.17851604E+02
  0.29159907E+01 -0.17900612E+02
  0.29245010E+01 -0.17949336E+02
  0.29330113E+01 -0.17997771E+02
  0.29415216E+01 -0.18045912E+02
  0.29500320E+01 -0.18093755E+02
  0.29585423E+01 -0.18141295E+02
  0.29670526E+01 -0.18188529E+02
  0.29755629E+01 -0.18235455E+02
  0.29840732E+01 -0.18282068E+02
  0.29925836E+01 -0.18328366E+02
  0.30010939E+01 -0.18374347E+02
  0.30096042E+01 -0.18420009E+02
  0.30181145E+01 -0.18465350E+02
  0.30266248E+01 -0.18510367E+02
  0.30351352E+01 -0.18555059E+02
  0.30436455E+01 -0.18599425E+02
  0.30521558E+01 -0.18643463E+02
  0.30606661E+01 -0.18687171E+02
  0.30691764E+01 -0.18730548E+02
  0.30776867E+01 -0.18773593E+02
  0.30861971E+01 -0.18816304E+02
  0.30947074E+01 -0.18858680E+02
  0.31032177E+01 -0.18900720E+02
  0.31117280E+01 -0.18942422E+02
  0.31202383E+01 -0.18983785E+02
  0.31287487E+01 -0.19024808E+02
  0.31372590E+01 -0.19065488E+02
  0.31457693E+01 -0.19105825E+02
  0.31542796E+01 -0.19145818E+02
  0.31627899E+01 -0.19185464E+02
  0.31713002E+01 -0.19224762E+02
  0.31798106E+01 -0.19263710E+02
  0.31883209E+01 -0.19302308E+02
  0.31968312E+01 -0.19340553E+02
  0.32053415E+01 -0.19378444E+02
  0.32138518E+01 -0.19415980E+02
  0.32223622E+01 -0.19453159E+02
  0.32308725E+01 -0.19489979E+02
  0.32393828E+01 -0.19526440E+02
  0.32478931E+01 -0.19562540E+02
  0.32564034E+01 -0.19598277E+02
  0.32649138E+01 -0.19633650E+02
  0.32734241E+01 -0.19668659E+02
  0.32819344E+01 -0.19703301E+02
  0.32904447E+01 -0.19737577E+02
  0.32989550E+01 -0.19771485E+02
  0.33074653E+01 -0.19805024E+02
  0.33159757E+01 -0.19838193E+02
  0.33244860E+01 -0.19870993E+02
  0.33329963E+01 -0.19903421E+02
  0.33415066E+01 -0.19935478E+02
  0.33500169E+01 -0.19967162E+02
  0.33585273E+01 -0.19998474E+02
  0.33670376E+01 -0.20029413E+02
  0.33755479E+01 -0.20059979E+02
  0.33840582E+01 -0.20090171E+02
  0.33925685E+01 -0.20119988E+02
  0.34010789E+01 -0.20149431E+02
  0.34095892E+01 -0.20178499E+02
  0.34180995E+01 -0.20207191E+02
  0.34266098E+01 -0.20235508E+02
  0.34351201E+01 -0.20263448E+02
  0.34436304E+01 -0.20291011E+02
  0.34521408E+01 -0.20318197E+02
  0.34606511E+01 -0.20345005E+02
  0.34691614E+01 -0.20371434E+02
  0.34776717E+01 -0.20397484E+02
  0.34861820E+01 -0.20423154E+02
  0.34946924E+01 -0.20448443E+02
  0.35032027E+01 -0.20473349E+02
  0.35117130E+01 -0.20497874E+02
  0.35202233E+01 -0.20522014E+02
  0.35287336E+01 -0.20545769E+02
  0.35372439E+01 -0.20569138E+02
  0.35457543E+01 -0.20592121E+02
  0.35542646E+01 -0.20614715E+02
  0.35627749E+01 -0.20636919E+02
  0.35712852E+01 -0.20658733E+02
  0.35797955E+01 -0.20680155E+02
  0.35883059E+01 -0.20701184E+02
  0.35968162E+01 -0.20721818E+02
  0.36053265E+01 -0.20742058E+02
  0.36138368E+01 -0.20761901E+02
  0.36223471E+01 -0.20781346E+02
  0.36308575E+01 -0.20800393E+02
  0.36393678E+01 -0.20819040E+02
  0.36478781E+01 -0.20837286E+02
  0.36563884E+01 -0.20855132E+02
  0.36648987E+01 -0.20872575E+02
  0.36734090E+01 -0.20889615E+02
  0.36819194E+01 -0.20906252E+02
  0.36904297E+01 -0.20922485E+02
  0.36989400E+01 -0.20938314E+02
  0.37074503E+01 -0.20953737E+02
  0.37159606E+01 -0.20968755E+02
  0.37244710E+01 -0.20983367E+02
  0.37329813E+01 -0.20997573E+02
  0.37414916E+01 -0.21011373E+02
  0.37500019E+01 -0.21024767E+02
  0.37585122E+01 -0.21037754E+02
  0.37670226E+01 -0.21050334E+02
  0.37755329E+01 -0.21062507E+02
  0.37840432E+01 -0.21074273E+02
  0.37925535E+01 -0.21085631E+02
  0.38010638E+01 -0.21096583E+02
  0.38095741E+01 -0.21107126E+02
  0.38180845E+01 -0.21117262E+02
  0.38265948E+01 -0.21126989E+02
  0.38351051E+01 -0.21136308E+02
  0.38436154E+01 -0.21145219E+02
  0.38521257E+01 -0.21153720E+02
  0.38606361E+01 -0.21161812E+02
  0.38691464E+01 -0.21169493E+02
  0.38776567E+01 -0.21176765E+02
  0.38861670E+01 -0.21183625E+02
  0.38946773E+01 -0.21190075E+02
  0.39031876E+01 -0.21196112E+02
  0.39116980E+01 -0.21201736E+02
  0.39202083E+01 -0.21206948E+02
  0.39287186E+01 -0.21211746E+02
  0.39372289E+01 -0.21216129E+02
  0.39457392E+01 -0.21220098E+02
  0.39542496E+01 -0.21223652E+02
  0.39627599E+01 -0.21226789E+02
  0.39712702E+01 -0.21229510E+02
  0.39797805E+01 -0.21231814E+02
  0.39882908E+01 -0.21233701E+02
  0.39968012E+01 -0.21235170E+02
  0.40053115E+01 -0.21236221E+02
  0.40138218E+01 -0.21236855E+02
  0.40223321E+01 -0.21237070E+02
  
  0.00000000E+00 -0.89080186E+01
  0.85001566E-02 -0.89078087E+01
  0.17000313E-01 -0.89071791E+01
  0.25500470E-01 -0.89061300E+01
  0.34000627E-01 -0.89046617E+01
  0.42500783E-01 -0.89027744E+01
  0.51000940E-01 -0.89004687E+01
  0.59501096E-01 -0.88977450E+01
  0.68001253E-01 -0.88946040E+01
  0.76501410E-01 -0.88910464E+01
  0.85001566E-01 -0.88870727E+01
  0.93501723E-01 -0.88826839E+01
  0.10200188E+00 -0.88778806E+01
  0.11050204E+00 -0.88726637E+01
  0.11900219E+00 -0.88670339E+01
  0.12750235E+00 -0.88609920E+01
  0.13600251E+00 -0.88545387E+01
  0.14450266E+00 -0.88476748E+01
  0.15300282E+00 -0.88404007E+01
  0.16150298E+00 -0.88327172E+01
  0.17000313E+00 -0.88246247E+01
  0.17850329E+00 -0.88161237E+01
  0.18700345E+00 -0.88072145E+01
  0.19550360E+00 -0.87978973E+01
  0.20400376E+00 -0.87881724E+01
  0.21250392E+00 -0.87780399E+01
  0.22100407E+00 -0.87674997E+01
  0.22950423E+00 -0.87565518E+01
  0.23800439E+00 -0.87451962E+01
  0.24650454E+00 -0.87334325E+01
  0.25500470E+00 -0.87212606E+01
  0.26350486E+00 -0.87086803E+01
  0.27200501E+00 -0.86956912E+01
  0.28050517E+00 -0.86822931E+01
  0.28900533E+00 -0.86684858E+01
  0.29750548E+00 -0.86542689E+01
  0.30600564E+00 -0.86396423E+01
  0.31450580E+00 -0.86246058E+01
  0.32300595E+00 -0.86091593E+01
  0.33150611E+00 -0.85933029E+01
  0.34000627E+00 -0.85770367E+01
  0.34850642E+00 -0.85603609E+01
  0.35700658E+00 -0.85432758E+01
  0.36550674E+00 -0.85257819E+01
  0.37400689E+00 -0.85078798E+01
  0.38250705E+00 -0.84895702E+01
  0.39100721E+00 -0.84708540E+01
  0.39950736E+00 -0.84517322E+01
  0.40800752E+00 -0.84322058E+01
  0.41650768E+00 -0.84122762E+01
  0.42500783E+00 -0.83919446E+01
  0.43350799E+00 -0.83712126E+01
  0.44200815E+00 -0.83500816E+01
  0.45050830E+00 -0.83285533E+01
  0.45900846E+00 -0.83066293E+01
  0.46750862E+00 -0.82843114E+01
  0.47600877E+00 -0.82616011E+01
  0.48450893E+00 -0.82385003E+01
  0.49300908E+00 -0.82150104E+01
  0.50150924E+00 -0.81911333E+01
  0.51000940E+00 -0.81668703E+01
  0.51850955E+00 -0.81422229E+01
  0.52700971E+00 -0.81171925E+01
  0.53550987E+00 -0.80917802E+01
  0.54401002E+00 -0.80659871E+01
  0.55251018E+00 -0.80398140E+01
  0.56101034E+00 -0.80132617E+01
  0.56951049E+00 -0.79863307E+01
  0.57801065E+00 -0.79590214E+01
  0.58651081E+00 -0.79313339E+01
  0.59501096E+00 -0.79032682E+01
  0.60351112E+00 -0.78748241E+01
  0.61201128E+00 -0.78460013E+01
  0.62051143E+00 -0.78167992E+01
  0.62901159E+00 -0.77872173E+01
  0.63751175E+00 -0.77572546E+01
  0.64601190E+00 -0.78155684E+01
  0.65451206E+00 -0.78813357E+01
  0.66301222E+00 -0.79473011E+01
  0.67151237E+00 -0.80134449E+01
  0.68001253E+00 -0.80797475E+01
  0.68851269E+00 -0.81461893E+01
  0.69701284E+00 -0.82127508E+01
  0.70551300E+00 -0.82794122E+01
  0.71401316E+00 -0.83461541E+01
  0.72251331E+00 -0.84129570E+01
  0.73101347E+00 -0.84798015E+01
  0.73951363E+00 -0.85466682E+01
  0.74801378E+00 -0.86135378E+01
  0.75651394E+00 -0.86803913E+01
  0.76501410E+00 -0.87472097E+01
  0.77351425E+00 -0.88139743E+01
  0.78201441E+00 -0.88806665E+01
  0.79051457E+00 -0.89472679E+01
  0.79901472E+00 -0.90137605E+01
  0.80751488E+00 -0.90801266E+01
  0.81601504E+00 -0.91463486E+01
  0.82451519E+00 -0.92124096E+01
  0.83301535E+00 -0.92782928E+01
  0.84151551E+00 -0.93439820E+01
  0.85001566E+00 -0.94094614E+01
  0.85851582E+00 -0.94747157E+01
  0.86701598E+00 -0.95397301E+01
  0.87551613E+00 -0.96044904E+01
  0.88401629E+00 -0.96689830E+01
  0.89251645E+00 -0.97331948E+01
  0.90101660E+00 -0.97971135E+01
  0.90951676E+00 -0.98607274E+01
  0.91801692E+00 -0.99240255E+01
  0.92651707E+00 -0.99869974E+01
  0.93501723E+00 -0.10049634E+02
  0.94351739E+00 -0.10111925E+02
  0.95201754E+00 -0.10173864E+02
  0.96051770E+00 -0.10235443E+02
  0.96901786E+00 -0.10296656E+02
  0.97751801E+00 -0.10357496E+02
  0.98601817E+00 -0.10417959E+02
  0.99451833E+00 -0.10478041E+02
  0.10030185E+01 -0.10537738E+02
  0.10115186E+01 -0.10597046E+02
  0.10200188E+01 -0.10655965E+02
  0.10285190E+01 -0.10714493E+02
  0.10370191E+01 -0.10772629E+02
  0.10455193E+01 -0.10830373E+02
  0.10540194E+01 -0.10887726E+02
  0.10625196E+01 -0.10944689E+02
  0.10710197E+01 -0.11001264E+02
  0.10795199E+01 -0.11057452E+02
  0.10880200E+01 -0.11113258E+02
  0.10965202E+01 -0.11168684E+02
  0.11050204E+01 -0.11223733E+02
  0.11135205E+01 -0.11278410E+02
  0.11220207E+01 -0.11332719E+02
  0.11305208E+01 -0.11386664E+02
  0.11390210E+01 -0.11440250E+02
  0.11475211E+01 -0.11493483E+02
  0.11560213E+01 -0.11546366E+02
  0.11645215E+01 -0.11598906E+02
  0.11730216E+01 -0.11651107E+02
  0.11815218E+01 -0.11702974E+02
  0.11900219E+01 -0.11754513E+02
  0.11985221E+01 -0.11805729E+02
  0.12070222E+01 -0.11856625E+02
  0.12155224E+01 -0.11907208E+02
  0.12240226E+01 -0.11957482E+02
  0.12325227E+01 -0.12007450E+02
  0.12410229E+01 -0.12057118E+02
  0.12495230E+01 -0.12106488E+02
  0.12580232E+01 -0.12155565E+02
  0.12665233E+01 -0.12204351E+02
  0.12750235E+01 -0.12252850E+02
  0.12835237E+01 -0.12301063E+02
  0.12920238E+01 -0.12348994E+02
  0.13005240E+01 -0.12396644E+02
  0.13090241E+01 -0.12444015E+02
  0.13175243E+01 -0.12491108E+02
  0.13260244E+01 -0.12537924E+02
  0.13345246E+01 -0.12584463E+02
  0.13430247E+01 -0.12630726E+02
  0.13515249E+01 -0.12676712E+02
  0.13600251E+01 -0.12722422E+02
  0.13685252E+01 -0.12767856E+02
  0.13770254E+01 -0.12813011E+02
  0.13855255E+01 -0.12857887E+02
  0.13940257E+01 -0.12902484E+02
  0.14025258E+01 -0.12946798E+02
  0.14110260E+01 -0.12990830E+02
  0.14195262E+01 -0.13034578E+02
  0.14280263E+01 -0.13078038E+02
  0.14365265E+01 -0.13121211E+02
  0.14450266E+01 -0.13164093E+02
  0.14535268E+01 -0.13206683E+02
  0.14620269E+01 -0.13248979E+02
  0.14705271E+01 -0.13290978E+02
  0.14790273E+01 -0.13332679E+02
  0.14875274E+01 -0.13374080E+02
  0.14960276E+01 -0.13415178E+02
  0.15045277E+01 -0.13455973E+02
  0.15130279E+01 -0.13496462E+02
  0.15215280E+01 -0.13536643E+02
  0.15300282E+01 -0.13576516E+02
  0.15385284E+01 -0.13616077E+02
  0.15470285E+01 -0.13655327E+02
  0.15555287E+01 -0.13694264E+02
  0.15640288E+01 -0.13732886E+02
  0.15725290E+01 -0.13771192E+02
  0.15810291E+01 -0.13809183E+02
  0.15895293E+01 -0.13846856E+02
  0.15980294E+01 -0.13884212E+02
  0.16065296E+01 -0.13921249E+02
  0.16150298E+01 -0.13957967E+02
  0.16235299E+01 -0.13994366E+02
  0.16320301E+01 -0.14030445E+02
  0.16405302E+01 -0.14066204E+02
  0.16490304E+01 -0.14101642E+02
  0.16575305E+01 -0.14136759E+02
  0.16660307E+01 -0.14171554E+02
  0.16745309E+01 -0.14206024E+02
  0.16830310E+01 -0.14240161E+02
  0.16915312E+01 -0.14273929E+02
  0.17000313E+01 -0.14304386E+02
  0.17085315E+01 -0.14273312E+02
  0.17170316E+01 -0.14243414E+02
  0.17255318E+01 -0.14215863E+02
  0.17340320E+01 -0.14190733E+02
  0.17425321E+01 -0.14168055E+02
  0.17510323E+01 -0.14147836E+02
  0.17595324E+01 -0.14130056E+02
  0.17680326E+01 -0.14114674E+02
  0.17765327E+01 -0.14101624E+02
  0.17850329E+01 -0.14090822E+02
  0.17935331E+01 -0.14082167E+02
  0.18020332E+01 -0.14075547E+02
  0.18105334E+01 -0.14070838E+02
  0.18190335E+01 -0.14067912E+02
  0.18275337E+01 -0.14066637E+02
  0.18360338E+01 -0.14066882E+02
  0.18445340E+01 -0.14068517E+02
  0.18530341E+01 -0.14071416E+02
  0.18615343E+01 -0.14075460E+02
  0.18700345E+01 -0.14080535E+02
  0.18785346E+01 -0.14086534E+02
  0.18870348E+01 -0.14093358E+02
  0.18955349E+01 -0.14100915E+02
  0.19040351E+01 -0.14109119E+02
  0.19125352E+01 -0.14117894E+02
  0.19210354E+01 -0.14127167E+02
  0.19295356E+01 -0.14136875E+02
  0.19380357E+01 -0.14146958E+02
  0.19465359E+01 -0.14157362E+02
  0.19550360E+01 -0.14168039E+02
  0.19635362E+01 -0.14178944E+02
  0.19720363E+01 -0.14190038E+02
  0.19805365E+01 -0.14201283E+02
  0.19890367E+01 -0.14212647E+02
  0.19975368E+01 -0.14224100E+02
  0.20060370E+01 -0.14235613E+02
  0.20145371E+01 -0.14247162E+02
  0.20230373E+01 -0.14258724E+02
  0.20315374E+01 -0.14270278E+02
  0.20400376E+01 -0.14281804E+02
  0.20485377E+01 -0.14293285E+02
  0.20570379E+01 -0.14304704E+02
  0.20655381E+01 -0.14316048E+02
  0.20740382E+01 -0.14327300E+02
  0.20825384E+01 -0.14338450E+02
  0.20910385E+01 -0.14349486E+02
  0.20995387E+01 -0.14360395E+02
  0.21080388E+01 -0.14371169E+02
  0.21165390E+01 -0.14381798E+02
  0.21250392E+01 -0.14392274E+02
  0.21335393E+01 -0.14402588E+02
  0.21420395E+01 -0.14412735E+02
  0.21505396E+01 -0.14422706E+02
  0.21590398E+01 -0.14432497E+02
  0.21675399E+01 -0.14442102E+02
  0.21760401E+01 -0.14451516E+02
  0.21845403E+01 -0.14460734E+02
  0.21930404E+01 -0.14469753E+02
  0.22015406E+01 -0.14478570E+02
  0.22100407E+01 -0.14487181E+02
  0.22185409E+01 -0.14495584E+02
  0.22270410E+01 -0.14503776E+02
  0.22355412E+01 -0.14511756E+02
  0.22440414E+01 -0.14519522E+02
  0.22525415E+01 -0.14527073E+02
  0.22610417E+01 -0.14534408E+02
  0.22695418E+01 -0.14541526E+02
  0.22780420E+01 -0.14548427E+02
  0.22865421E+01 -0.14555110E+02
  0.22950423E+01 -0.14561576E+02
  0.23035424E+01 -0.14567823E+02
  0.23120426E+01 -0.14573853E+02
  0.23205428E+01 -0.14579666E+02
  0.23290429E+01 -0.14585262E+02
  0.23375431E+01 -0.14590640E+02
  0.23460432E+01 -0.14595803E+02
  0.23545434E+01 -0.14600749E+02
  0.23630435E+01 -0.14605481E+02
  0.23715437E+01 -0.14609997E+02
  0.23800439E+01 -0.14614298E+02
  0.23885440E+01 -0.14618386E+02
  0.23970442E+01 -0.14622260E+02
  0.24055443E+01 -0.14625921E+02
  0.24140445E+01 -0.14629368E+02
  0.24225446E+01 -0.14632604E+02
  0.24310448E+01 -0.14635626E+02
  0.24395450E+01 -0.14638437E+02
  0.24480451E+01 -0.14641037E+02
  0.24565453E+01 -0.14643424E+02
  0.24650454E+01 -0.14645601E+02
  0.24735456E+01 -0.14647566E+02
  0.24820457E+01 -0.14649320E+02
  0.24905459E+01 -0.14650864E+02
  0.24990461E+01 -0.14652196E+02
  0.25075462E+01 -0.14653319E+02
  0.25160464E+01 -0.14654231E+02
  0.25245465E+01 -0.14654932E+02
  0.25330467E+01 -0.14655424E+02
  0.25415468E+01 -0.14655706E+02
  0.25500470E+01 -0.14655778E+02
  0.25585573E+01 -0.14652517E+02
  0.25670676E+01 -0.14642738E+02
  0.25755779E+01 -0.14626691E+02
  0.25840883E+01 -0.14604757E+02
  0.25925986E+01 -0.14577408E+02
  0.26011089E+01 -0.14545159E+02
  0.26096192E+01 -0.14508532E+02
  0.26181295E+01 -0.14468030E+02
  0.26266399E+01 -0.14424114E+02
  0.26351502E+01 -0.14377201E+02
  0.26436605E+01 -0.14327655E+02
  0.26521708E+01 -0.14275794E+02
  0.26606811E+01 -0.14221891E+02
  0.26691915E+01 -0.14166180E+02
  0.26777018E+01 -0.14108861E+02
  0.26862121E+01 -0.14050102E+02
  0.26947224E+01 -0.13990050E+02
  0.27032327E+01 -0.13928828E+02
  0.27117430E+01 -0.13866541E+02
  0.27202534E+01 -0.13803282E+02
  0.27287637E+01 -0.13739128E+02
  0.27372740E+01 -0.13674147E+02
  0.27457843E+01 -0.13608398E+02
  0.27542946E+01 -0.13541932E+02
  0.27628050E+01 -0.13474794E+02
  0.27713153E+01 -0.13407023E+02
  0.27798256E+01 -0.13338653E+02
  0.27883359E+01 -0.13269716E+02
  0.27968462E+01 -0.13200239E+02
  0.28053565E+01 -0.13130246E+02
  0.28138669E+01 -0.13059760E+02
  0.28223772E+01 -0.12988800E+02
  0.28308875E+01 -0.12917385E+02
  0.28393978E+01 -0.12845532E+02
  0.28479081E+01 -0.12773255E+02
  0.28564185E+01 -0.12700570E+02
  0.28649288E+01 -0.12627490E+02
  0.28734391E+01 -0.12554028E+02
  0.28819494E+01 -0.12480195E+02
  0.28904597E+01 -0.12406004E+02
  0.28989701E+01 -0.12331466E+02
  0.29074804E+01 -0.12256591E+02
  0.29159907E+01 -0.12181391E+02
  0.29245010E+01 -0.12105876E+02
  0.29330113E+01 -0.12030056E+02
  0.29415216E+01 -0.11953942E+02
  0.29500320E+01 -0.11877545E+02
  0.29585423E+01 -0.11800874E+02
  0.29670526E+01 -0.11723940E+02
  0.29755629E+01 -0.11646754E+02
  0.29840732E+01 -0.11569327E+02
  0.29925836E+01 -0.11491669E+02
  0.30010939E+01 -0.11413791E+02
  0.30096042E+01 -0.11335706E+02
  0.30181145E+01 -0.11257423E+02
  0.30266248E+01 -0.11178956E+02
  0.30351352E+01 -0.11100315E+02
  0.30436455E+01 -0.11021513E+02
  0.30521558E+01 -0.10942562E+02
  0.30606661E+01 -0.10863475E+02
  0.30691764E+01 -0.10784264E+02
  0.30776867E+01 -0.10704942E+02
  0.30861971E+01 -0.10625523E+02
  0.30947074E+01 -0.10546019E+02
  0.31032177E+01 -0.10466445E+02
  0.31117280E+01 -0.10386815E+02
  0.31202383E+01 -0.10307141E+02
  0.31287487E+01 -0.10227440E+02
  0.31372590E+01 -0.10147725E+02
  0.31457693E+01 -0.10068011E+02
  0.31542796E+01 -0.99883121E+01
  0.31627899E+01 -0.99086445E+01
  0.31713002E+01 -0.98290233E+01
  0.31798106E+01 -0.97494638E+01
  0.31883209E+01 -0.96699818E+01
  0.31968312E+01 -0.95905931E+01
  0.32053415E+01 -0.95113138E+01
  0.32138518E+01 -0.94321601E+01
  0.32223622E+01 -0.93531485E+01
  0.32308725E+01 -0.92742954E+01
  0.32393828E+01 -0.91956174E+01
  0.32478931E+01 -0.91171316E+01
  0.32564034E+01 -0.90388546E+01
  0.32649138E+01 -0.89608037E+01
  0.32734241E+01 -0.88829959E+01
  0.32819344E+01 -0.88054485E+01
  0.32904447E+01 -0.87281787E+01
  0.32989550E+01 -0.86512039E+01
  0.33074653E+01 -0.85745414E+01
  0.33159757E+01 -0.84982087E+01
  0.33244860E+01 -0.84222232E+01
  0.33329963E+01 -0.83466022E+01
  0.33415066E+01 -0.82713631E+01
  0.33500169E+01 -0.81965232E+01
  0.33585273E+01 -0.81220998E+01
  0.33670376E+01 -0.80481100E+01
  0.33755479E+01 -0.79745709E+01
  0.33840582E+01 -0.79014994E+01
  0.33925685E+01 -0.78289125E+01
  0.34010789E+01 -0.78139636E+01
  0.34095892E+01 -0.78432698E+01
  0.34180995E+01 -0.78721996E+01
  0.34266098E+01 -0.79007529E+01
  0.34351201E+01 -0.79289289E+01
  0.34436304E+01 -0.79567271E+01
  0.34521408E+01 -0.79841466E+01
  0.34606511E+01 -0.80111866E+01
  0.34691614E+01 -0.80378459E+01
  0.34776717E+01 -0.80641235E+01
  0.34861820E+01 -0.80900181E+01
  0.34946924E+01 -0.81155285E+01
  0.35032027E+01 -0.81406530E+01
  0.35117130E+01 -0.81653903E+01
  0.35202233E+01 -0.81897388E+01
  0.35287336E+01 -0.82136969E+01
  0.35372439E+01 -0.82372628E+01
  0.35457543E+01 -0.82604351E+01
  0.35542646E+01 -0.82832120E+01
  0.35627749E+01 -0.83055919E+01
  0.35712852E+01 -0.83275733E+01
  0.35797955E+01 -0.83491545E+01
  0.35883059E+01 -0.83703342E+01
  0.35968162E+01 -0.83911110E+01
  0.36053265E+01 -0.84114835E+01
  0.36138368E+01 -0.84314506E+01
  0.36223471E+01 -0.84510113E+01
  0.36308575E+01 -0.84701645E+01
  0.36393678E+01 -0.84889095E+01
  0.36478781E+01 -0.85072457E+01
  0.36563884E+01 -0.85251723E+01
  0.36648987E+01 -0.85426890E+01
  0.36734090E+01 -0.85597954E+01
  0.36819194E+01 -0.85764914E+01
  0.36904297E+01 -0.85927769E+01
  0.36989400E+01 -0.86086518E+01
  0.37074503E+01 -0.86241162E+01
  0.37159606E+01 -0.86391703E+01
  0.37244710E+01 -0.86538143E+01
  0.37329813E+01 -0.86680486E+01
  0.37414916E+01 -0.86818732E+01
  0.37500019E+01 -0.86952887E+01
  0.37585122E+01 -0.87082953E+01
  0.37670226E+01 -0.87208933E+01
  0.37755329E+01 -0.87330830E+01
  0.37840432E+01 -0.87448646E+01
  0.37925535E+01 -0.87562383E+01
  0.38010638E+01 -0.87672043E+01
  0.38095741E+01 -0.87777627E+01
  0.38180845E+01 -0.87879134E+01
  0.38265948E+01 -0.87976563E+01
  0.38351051E+01 -0.88069913E+01
  0.38436154E+01 -0.88159180E+01
  0.38521257E+01 -0.88244363E+01
  0.38606361E+01 -0.88325456E+01
  0.38691464E+01 -0.88402454E+01
  0.38776567E+01 -0.88475352E+01
  0.38861670E+01 -0.88544144E+01
  0.38946773E+01 -0.88608821E+01
  0.39031876E+01 -0.88669377E+01
  0.39116980E+01 -0.88725804E+01
  0.39202083E+01 -0.88778095E+01
  0.39287186E+01 -0.88826239E+01
  0.39372289E+01 -0.88870231E+01
  0.39457392E+01 -0.88910061E+01
  0.39542496E+01 -0.88945721E+01
  0.39627599E+01 -0.88977206E+01
  0.39712702E+01 -0.89004507E+01
  0.39797805E+01 -0.89027620E+01
  0.39882908E+01 -0.89046537E+01
  0.39968012E+01 -0.89061256E+01
  0.40053115E+01 -0.89071772E+01
  0.40138218E+01 -0.89078082E+01
  0.40223321E+01 -0.89080186E+01
  
  0.00000000E+00 -0.47884147E+01
  0.85001566E-02 -0.47890388E+01
  0.17000313E-01 -0.47909167E+01
  0.25500470E-01 -0.47940479E+01
  0.34000627E-01 -0.47984310E+01
  0.42500783E-01 -0.48040646E+01
  0.51000940E-01 -0.48109465E+01
  0.59501096E-01 -0.48190744E+01
  0.68001253E-01 -0.48284451E+01
  0.76501410E-01 -0.48390554E+01
  0.85001566E-01 -0.48509015E+01
  0.93501723E-01 -0.48639790E+01
  0.10200188E+00 -0.48782832E+01
  0.11050204E+00 -0.48938089E+01
  0.11900219E+00 -0.49105506E+01
  0.12750235E+00 -0.49285022E+01
  0.13600251E+00 -0.49476570E+01
  0.14450266E+00 -0.49680081E+01
  0.15300282E+00 -0.49895480E+01
  0.16150298E+00 -0.50122688E+01
  0.17000313E+00 -0.50361621E+01
  0.17850329E+00 -0.50612191E+01
  0.18700345E+00 -0.50874305E+01
  0.19550360E+00 -0.51147864E+01
  0.20400376E+00 -0.51432768E+01
  0.21250392E+00 -0.51728908E+01
  0.22100407E+00 -0.52036174E+01
  0.22950423E+00 -0.52354450E+01
  0.23800439E+00 -0.52683617E+01
  0.24650454E+00 -0.53023549E+01
  0.25500470E+00 -0.53374119E+01
  0.26350486E+00 -0.53735193E+01
  0.27200501E+00 -0.54106635E+01
  0.28050517E+00 -0.54488305E+01
  0.28900533E+00 -0.54880058E+01
  0.29750548E+00 -0.55281745E+01
  0.30600564E+00 -0.55693215E+01
  0.31450580E+00 -0.56114314E+01
  0.32300595E+00 -0.56544881E+01
  0.33150611E+00 -0.56984757E+01
  0.34000627E+00 -0.57433775E+01
  0.34850642E+00 -0.57891770E+01
  0.35700658E+00 -0.58358570E+01
  0.36550674E+00 -0.58834005E+01
  0.37400689E+00 -0.59317898E+01
  0.38250705E+00 -0.59810072E+01
  0.39100721E+00 -0.60310350E+01
  0.39950736E+00 -0.60818551E+01
  0.40800752E+00 -0.61334491E+01
  0.41650768E+00 -0.61857987E+01
  0.42500783E+00 -0.62388855E+01
  0.43350799E+00 -0.62926908E+01
  0.44200815E+00 -0.63471958E+01
  0.45050830E+00 -0.64023818E+01
  0.45900846E+00 -0.64582297E+01
  0.46750862E+00 -0.65147207E+01
  0.47600877E+00 -0.65718358E+01
  0.48450893E+00 -0.66295557E+01
  0.49300908E+00 -0.66878614E+01
  0.50150924E+00 -0.67467338E+01
  0.51000940E+00 -0.68061536E+01
  0.51850955E+00 -0.68661016E+01
  0.52700971E+00 -0.69265585E+01
  0.53550987E+00 -0.69875052E+01
  0.54401002E+00 -0.70489222E+01
  0.55251018E+00 -0.71107903E+01
  0.56101034E+00 -0.71730902E+01
  0.56951049E+00 -0.72358025E+01
  0.57801065E+00 -0.72989078E+01
  0.58651081E+00 -0.73623868E+01
  0.59501096E+00 -0.74262201E+01
  0.60351112E+00 -0.74903881E+01
  0.61201128E+00 -0.75548715E+01
  0.62051143E+00 -0.76196508E+01
  0.62901159E+00 -0.76847063E+01
  0.63751175E+00 -0.77500187E+01
  0.64601190E+00 -0.77269103E+01
  0.65451206E+00 -0.76961835E+01
  0.66301222E+00 -0.76650731E+01
  0.67151237E+00 -0.76335780E+01
  0.68001253E+00 -0.76016973E+01
  0.68851269E+00 -0.75694299E+01
  0.69701284E+00 -0.75367748E+01
  0.70551300E+00 -0.75037311E+01
  0.71401316E+00 -0.74702982E+01
  0.72251331E+00 -0.74364753E+01
  0.73101347E+00 -0.74022622E+01
  0.73951363E+00 -0.73676584E+01
  0.74801378E+00 -0.73326641E+01
  0.75651394E+00 -0.72972793E+01
  0.76501410E+00 -0.72615047E+01
  0.77351425E+00 -0.72253408E+01
  0.78201441E+00 -0.71887886E+01
  0.79051457E+00 -0.71518495E+01
  0.79901472E+00 -0.71648560E+01
  0.80751488E+00 -0.72114595E+01
  0.81601504E+00 -0.72583696E+01
  0.82451519E+00 -0.73055820E+01
  0.83301535E+00 -0.73530929E+01
  0.84151551E+00 -0.74008982E+01
  0.85001566E+00 -0.74489940E+01
  0.85851582E+00 -0.74973766E+01
  0.86701598E+00 -0.75460422E+01
  0.87551613E+00 -0.75949870E+01
  0.88401629E+00 -0.76442070E+01
  0.89251645E+00 -0.76936983E+01
  0.90101660E+00 -0.77434567E+01
  0.90951676E+00 -0.77934780E+01
  0.91801692E+00 -0.78437576E+01
  0.92651707E+00 -0.78942907E+01
  0.93501723E+00 -0.79450723E+01
  0.94351739E+00 -0.79960969E+01
  0.95201754E+00 -0.80473587E+01
  0.96051770E+00 -0.80988517E+01
  0.96901786E+00 -0.81505691E+01
  0.97751801E+00 -0.82025041E+01
  0.98601817E+00 -0.82546491E+01
  0.99451833E+00 -0.83069963E+01
  0.10030185E+01 -0.83595373E+01
  0.10115186E+01 -0.84122632E+01
  0.10200188E+01 -0.84651649E+01
  0.10285190E+01 -0.85182327E+01
  0.10370191E+01 -0.85714565E+01
  0.10455193E+01 -0.86248257E+01
  0.10540194E+01 -0.86783297E+01
  0.10625196E+01 -0.87319573E+01
  0.10710197E+01 -0.87856970E+01
  0.10795199E+01 -0.88395372E+01
  0.10880200E+01 -0.88934662E+01
  0.10965202E+01 -0.89474719E+01
  0.11050204E+01 -0.90015425E+01
  0.11135205E+01 -0.90556658E+01
  0.11220207E+01 -0.91098297E+01
  0.11305208E+01 -0.91640225E+01
  0.11390210E+01 -0.92182323E+01
  0.11475211E+01 -0.92724474E+01
  0.11560213E+01 -0.93266564E+01
  0.11645215E+01 -0.93808483E+01
  0.11730216E+01 -0.94350121E+01
  0.11815218E+01 -0.94891374E+01
  0.11900219E+01 -0.95432139E+01
  0.11985221E+01 -0.95972318E+01
  0.12070222E+01 -0.96511816E+01
  0.12155224E+01 -0.97050543E+01
  0.12240226E+01 -0.97588411E+01
  0.12325227E+01 -0.98125335E+01
  0.12410229E+01 -0.98661233E+01
  0.12495230E+01 -0.99196026E+01
  0.12580232E+01 -0.99729637E+01
  0.12665233E+01 -0.10026199E+02
  0.12750235E+01 -0.10079301E+02
  0.12835237E+01 -0.10132262E+02
  0.12920238E+01 -0.10185074E+02
  0.13005240E+01 -0.10237729E+02
  0.13090241E+01 -0.10290219E+02
  0.13175243E+01 -0.10342536E+02
  0.13260244E+01 -0.10394670E+02
  0.13345246E+01 -0.10446610E+02
  0.13430247E+01 -0.10498347E+02
  0.13515249E+01 -0.10549868E+02
  0.13600251E+01 -0.10601161E+02
  0.13685252E+01 -0.10652211E+02
  0.13770254E+01 -0.10703003E+02
  0.13855255E+01 -0.10753520E+02
  0.13940257E+01 -0.10803743E+02
  0.14025258E+01 -0.10853652E+02
  0.14110260E+01 -0.10903223E+02
  0.14195262E+01 -0.10952434E+02
  0.14280263E+01 -0.11001256E+02
  0.14365265E+01 -0.11049661E+02
  0.14450266E+01 -0.11097617E+02
  0.14535268E+01 -0.11145089E+02
  0.14620269E+01 -0.11192041E+02
  0.14705271E+01 -0.11238433E+02
  0.14790273E+01 -0.11284221E+02
  0.14875274E+01 -0.11329359E+02
  0.14960276E+01 -0.11373797E+02
  0.15045277E+01 -0.11417482E+02
  0.15130279E+01 -0.11460358E+02
  0.15215280E+01 -0.11502363E+02
  0.15300282E+01 -0.11543432E+02
  0.15385284E+01 -0.11583497E+02
  0.15470285E+01 -0.11622483E+02
  0.15555287E+01 -0.11660313E+02
  0.15640288E+01 -0.11696904E+02
  0.15725290E+01 -0.11732167E+02
  0.15810291E+01 -0.11766008E+02
  0.15895293E+01 -0.11798329E+02
  0.15980294E+01 -0.11829027E+02
  0.16065296E+01 -0.11857990E+02
  0.16150298E+01 -0.11885104E+02
  0.16235299E+01 -0.11910249E+02
  0.16320301E+01 -0.11933300E+02
  0.16405302E+01 -0.11954127E+02
  0.16490304E+01 -0.11972600E+02
  0.16575305E+01 -0.11988584E+02
  0.16660307E+01 -0.12001945E+02
  0.16745309E+01 -0.12012553E+02
  0.16830310E+01 -0.12020280E+02
  0.16915312E+01 -0.12025007E+02
  0.17000313E+01 -0.12026625E+02
  0.17085315E+01 -0.12024992E+02
  0.17170316E+01 -0.12020067E+02
  0.17255318E+01 -0.12011795E+02
  0.17340320E+01 -0.12000142E+02
  0.17425321E+01 -0.11985101E+02
  0.17510323E+01 -0.11966691E+02
  0.17595324E+01 -0.11944957E+02
  0.17680326E+01 -0.11919973E+02
  0.17765327E+01 -0.11891832E+02
  0.17850329E+01 -0.11860652E+02
  0.17935331E+01 -0.11826569E+02
  0.18020332E+01 -0.11789731E+02
  0.18105334E+01 -0.11750299E+02
  0.18190335E+01 -0.11708440E+02
  0.18275337E+01 -0.11664327E+02
  0.18360338E+01 -0.11618130E+02
  0.18445340E+01 -0.11570021E+02
  0.18530341E+01 -0.11520167E+02
  0.18615343E+01 -0.11468729E+02
  0.18700345E+01 -0.11415863E+02
  0.18785346E+01 -0.11361718E+02
  0.18870348E+01 -0.11306433E+02
  0.18955349E+01 -0.11250143E+02
  0.19040351E+01 -0.11192970E+02
  0.19125352E+01 -0.11135033E+02
  0.19210354E+01 -0.11076441E+02
  0.19295356E+01 -0.11017296E+02
  0.19380357E+01 -0.10957693E+02
  0.19465359E+01 -0.10897721E+02
  0.19550360E+01 -0.10837463E+02
  0.19635362E+01 -0.10776996E+02
  0.19720363E+01 -0.10716390E+02
  0.19805365E+01 -0.10655714E+02
  0.19890367E+01 -0.10595028E+02
  0.19975368E+01 -0.10534392E+02
  0.20060370E+01 -0.10473859E+02
  0.20145371E+01 -0.10413479E+02
  0.20230373E+01 -0.10353302E+02
  0.20315374E+01 -0.10293370E+02
  0.20400376E+01 -0.10233727E+02
  0.20485377E+01 -0.10174413E+02
  0.20570379E+01 -0.10115464E+02
  0.20655381E+01 -0.10056917E+02
  0.20740382E+01 -0.99988062E+01
  0.20825384E+01 -0.99411642E+01
  0.20910385E+01 -0.98840225E+01
  0.20995387E+01 -0.98274115E+01
  0.21080388E+01 -0.97713606E+01
  0.21165390E+01 -0.97158984E+01
  0.21250392E+01 -0.96610527E+01
  0.21335393E+01 -0.96068506E+01
  0.21420395E+01 -0.95533189E+01
  0.21505396E+01 -0.95004837E+01
  0.21590398E+01 -0.94483706E+01
  0.21675399E+01 -0.93970050E+01
  0.21760401E+01 -0.93464119E+01
  0.21845403E+01 -0.92966158E+01
  0.21930404E+01 -0.92476412E+01
  0.22015406E+01 -0.91995118E+01
  0.22100407E+01 -0.91522512E+01
  0.22185409E+01 -0.91058828E+01
  0.22270410E+01 -0.90604292E+01
  0.22355412E+01 -0.90159129E+01
  0.22440414E+01 -0.89723557E+01
  0.22525415E+01 -0.89297789E+01
  0.22610417E+01 -0.88882035E+01
  0.22695418E+01 -0.88476496E+01
  0.22780420E+01 -0.88081367E+01
  0.22865421E+01 -0.87696837E+01
  0.22950423E+01 -0.87323088E+01
  0.23035424E+01 -0.86960293E+01
  0.23120426E+01 -0.86608618E+01
  0.23205428E+01 -0.86268218E+01
  0.23290429E+01 -0.85939243E+01
  0.23375431E+01 -0.85621833E+01
  0.23460432E+01 -0.85316116E+01
  0.23545434E+01 -0.85022216E+01
  0.23630435E+01 -0.84740243E+01
  0.23715437E+01 -0.84470302E+01
  0.23800439E+01 -0.84212485E+01
  0.23885440E+01 -0.83966880E+01
  0.23970442E+01 -0.83733563E+01
  0.24055443E+01 -0.83512602E+01
  0.24140445E+01 -0.83304060E+01
  0.24225446E+01 -0.83107988E+01
  0.24310448E+01 -0.82924436E+01
  0.24395450E+01 -0.82753442E+01
  0.24480451E+01 -0.82595042E+01
  0.24565453E+01 -0.82449264E+01
  0.24650454E+01 -0.82316132E+01
  0.24735456E+01 -0.82195668E+01
  0.24820457E+01 -0.82087886E+01
  0.24905459E+01 -0.81992800E+01
  0.24990461E+01 -0.81910420E+01
  0.25075462E+01 -0.81840753E+01
  0.25160464E+01 -0.81783807E+01
  0.25245465E+01 -0.81739584E+01
  0.25330467E+01 -0.81708089E+01
  0.25415468E+01 -0.81689323E+01
  0.25500470E+01 -0.81683288E+01
  0.25585573E+01 -0.81681468E+01
  0.25670676E+01 -0.81676009E+01
  0.25755779E+01 -0.81666904E+01
  0.25840883E+01 -0.81654145E+01
  0.25925986E+01 -0.81637714E+01
  0.26011089E+01 -0.81617595E+01
  0.26096192E+01 -0.81593764E+01
  0.26181295E+01 -0.81566193E+01
  0.26266399E+01 -0.81534853E+01
  0.26351502E+01 -0.81499707E+01
  0.26436605E+01 -0.81460718E+01
  0.26521708E+01 -0.81417843E+01
  0.26606811E+01 -0.81371036E+01
  0.26691915E+01 -0.81320246E+01
  0.26777018E+01 -0.81265422E+01
  0.26862121E+01 -0.81206508E+01
  0.26947224E+01 -0.81143444E+01
  0.27032327E+01 -0.81076169E+01
  0.27117430E+01 -0.81004620E+01
  0.27202534E+01 -0.80928730E+01
  0.27287637E+01 -0.80848432E+01
  0.27372740E+01 -0.80763658E+01
  0.27457843E+01 -0.80674338E+01
  0.27542946E+01 -0.80580401E+01
  0.27628050E+01 -0.80481777E+01
  0.27713153E+01 -0.80378397E+01
  0.27798256E+01 -0.80270191E+01
  0.27883359E+01 -0.80157092E+01
  0.27968462E+01 -0.80039035E+01
  0.28053565E+01 -0.79915957E+01
  0.28138669E+01 -0.79787797E+01
  0.28223772E+01 -0.79654500E+01
  0.28308875E+01 -0.79516012E+01
  0.28393978E+01 -0.79372287E+01
  0.28479081E+01 -0.79223282E+01
  0.28564185E+01 -0.79068960E+01
  0.28649288E+01 -0.78909290E+01
  0.28734391E+01 -0.78744249E+01
  0.28819494E+01 -0.78573820E+01
  0.28904597E+01 -0.78397991E+01
  0.28989701E+01 -0.78216762E+01
  0.29074804E+01 -0.78030139E+01
  0.29159907E+01 -0.77838135E+01
  0.29245010E+01 -0.77640774E+01
  0.29330113E+01 -0.77438085E+01
  0.29415216E+01 -0.77230109E+01
  0.29500320E+01 -0.77016894E+01
  0.29585423E+01 -0.76798497E+01
  0.29670526E+01 -0.76574982E+01
  0.29755629E+01 -0.76346424E+01
  0.29840732E+01 -0.76112905E+01
  0.29925836E+01 -0.75874513E+01
  0.30010939E+01 -0.75631346E+01
  0.30096042E+01 -0.75383508E+01
  0.30181145E+01 -0.75131110E+01
  0.30266248E+01 -0.74874270E+01
  0.30351352E+01 -0.74613110E+01
  0.30436455E+01 -0.74347761E+01
  0.30521558E+01 -0.74078355E+01
  0.30606661E+01 -0.73805030E+01
  0.30691764E+01 -0.73527929E+01
  0.30776867E+01 -0.73247197E+01
  0.30861971E+01 -0.72962981E+01
  0.30947074E+01 -0.72675433E+01
  0.31032177E+01 -0.72384704E+01
  0.31117280E+01 -0.72090947E+01
  0.31202383E+01 -0.71794317E+01
  0.31287487E+01 -0.71494968E+01
  0.31372590E+01 -0.71193053E+01
  0.31457693E+01 -0.70888728E+01
  0.31542796E+01 -0.70582143E+01
  0.31627899E+01 -0.70273452E+01
  0.31713002E+01 -0.69962803E+01
  0.31798106E+01 -0.69650345E+01
  0.31883209E+01 -0.69600099E+01
  0.31968312E+01 -0.69985585E+01
  0.32053415E+01 -0.70367558E+01
  0.32138518E+01 -0.70745986E+01
  0.32223622E+01 -0.71120840E+01
  0.32308725E+01 -0.71492095E+01
  0.32393828E+01 -0.71859728E+01
  0.32478931E+01 -0.72223716E+01
  0.32564034E+01 -0.72584040E+01
  0.32649138E+01 -0.72940684E+01
  0.32734241E+01 -0.73293632E+01
  0.32819344E+01 -0.73642873E+01
  0.32904447E+01 -0.73988395E+01
  0.32989550E+01 -0.74330191E+01
  0.33074653E+01 -0.74668253E+01
  0.33159757E+01 -0.75002576E+01
  0.33244860E+01 -0.75333156E+01
  0.33329963E+01 -0.75659989E+01
  0.33415066E+01 -0.75983075E+01
  0.33500169E+01 -0.76302410E+01
  0.33585273E+01 -0.76617996E+01
  0.33670376E+01 -0.76929830E+01
  0.33755479E+01 -0.77237912E+01
  0.33840582E+01 -0.77542242E+01
  0.33925685E+01 -0.77842817E+01
  0.34010789E+01 -0.77568267E+01
  0.34095892E+01 -0.76852587E+01
  0.34180995E+01 -0.76142247E+01
  0.34266098E+01 -0.75437412E+01
  0.34351201E+01 -0.74738241E+01
  0.34436304E+01 -0.74044892E+01
  0.34521408E+01 -0.73357524E+01
  0.34606511E+01 -0.72676290E+01
  0.34691614E+01 -0.72001345E+01
  0.34776717E+01 -0.71332840E+01
  0.34861820E+01 -0.70670925E+01
  0.34946924E+01 -0.70015747E+01
  0.35032027E+01 -0.69367454E+01
  0.35117130E+01 -0.68726189E+01
  0.35202233E+01 -0.68092097E+01
  0.35287336E+01 -0.67465320E+01
  0.35372439E+01 -0.66845997E+01
  0.35457543E+01 -0.66234269E+01
  0.35542646E+01 -0.65630274E+01
  0.35627749E+01 -0.65034149E+01
  0.35712852E+01 -0.64446031E+01
  0.35797955E+01 -0.63866056E+01
  0.35883059E+01 -0.63294358E+01
  0.35968162E+01 -0.62731073E+01
  0.36053265E+01 -0.62176333E+01
  0.36138368E+01 -0.61630272E+01
  0.36223471E+01 -0.61093024E+01
  0.36308575E+01 -0.60564720E+01
  0.36393678E+01 -0.60045491E+01
  0.36478781E+01 -0.59535470E+01
  0.36563884E+01 -0.59034787E+01
  0.36648987E+01 -0.58543571E+01
  0.36734090E+01 -0.58061952E+01
  0.36819194E+01 -0.57590059E+01
  0.36904297E+01 -0.57128018E+01
  0.36989400E+01 -0.56675957E+01
  0.37074503E+01 -0.56233999E+01
  0.37159606E+01 -0.55802268E+01
  0.37244710E+01 -0.55380887E+01
  0.37329813E+01 -0.54969975E+01
  0.37414916E+01 -0.54569650E+01
  0.37500019E+01 -0.54180028E+01
  0.37585122E+01 -0.53801222E+01
  0.37670226E+01 -0.53433344E+01
  0.37755329E+01 -0.53076500E+01
  0.37840432E+01 -0.52730796E+01
  0.37925535E+01 -0.52396333E+01
  0.38010638E+01 -0.52073210E+01
  0.38095741E+01 -0.51761522E+01
  0.38180845E+01 -0.51461359E+01
  0.38265948E+01 -0.51172810E+01
  0.38351051E+01 -0.50895958E+01
  0.38436154E+01 -0.50630882E+01
  0.38521257E+01 -0.50377659E+01
  0.38606361E+01 -0.50136359E+01
  0.38691464E+01 -0.49907052E+01
  0.38776567E+01 -0.49689799E+01
  0.38861670E+01 -0.49484661E+01
  0.38946773E+01 -0.49291692E+01
  0.39031876E+01 -0.49110946E+01
  0.39116980E+01 -0.48942469E+01
  0.39202083E+01 -0.48786304E+01
  0.39287186E+01 -0.48642493E+01
  0.39372289E+01 -0.48511071E+01
  0.39457392E+01 -0.48392072E+01
  0.39542496E+01 -0.48285525E+01
  0.39627599E+01 -0.48191455E+01
  0.39712702E+01 -0.48109886E+01
  0.39797805E+01 -0.48040837E+01
  0.39882908E+01 -0.47984325E+01
  0.39968012E+01 -0.47940364E+01
  0.40053115E+01 -0.47908969E+01
  0.40138218E+01 -0.47890176E+01
  0.40223321E+01 -0.47884147E+01
  
  0.00000000E+00 -0.47882957E+01
  0.85001566E-02 -0.47885887E+01
  0.17000313E-01 -0.47894638E+01
  0.25500470E-01 -0.47909208E+01
  0.34000627E-01 -0.47929595E+01
  0.42500783E-01 -0.47955799E+01
  0.51000940E-01 -0.47987818E+01
  0.59501096E-01 -0.48025650E+01
  0.68001253E-01 -0.48069291E+01
  0.76501410E-01 -0.48118737E+01
  0.85001566E-01 -0.48173986E+01
  0.93501723E-01 -0.48235032E+01
  0.10200188E+00 -0.48301870E+01
  0.11050204E+00 -0.48374493E+01
  0.11900219E+00 -0.48452894E+01
  0.12750235E+00 -0.48537065E+01
  0.13600251E+00 -0.48626997E+01
  0.14450266E+00 -0.48722679E+01
  0.15300282E+00 -0.48824101E+01
  0.16150298E+00 -0.48931249E+01
  0.17000313E+00 -0.49044111E+01
  0.17850329E+00 -0.49162672E+01
  0.18700345E+00 -0.49286916E+01
  0.19550360E+00 -0.49416826E+01
  0.20400376E+00 -0.49552385E+01
  0.21250392E+00 -0.49693574E+01
  0.22100407E+00 -0.49840372E+01
  0.22950423E+00 -0.49992759E+01
  0.23800439E+00 -0.50150714E+01
  0.24650454E+00 -0.50314214E+01
  0.25500470E+00 -0.50483238E+01
  0.26350486E+00 -0.50657760E+01
  0.27200501E+00 -0.50837759E+01
  0.28050517E+00 -0.51023209E+01
  0.28900533E+00 -0.51214088E+01
  0.29750548E+00 -0.51410370E+01
  0.30600564E+00 -0.51612033E+01
  0.31450580E+00 -0.51819053E+01
  0.32300595E+00 -0.52031406E+01
  0.33150611E+00 -0.52249069E+01
  0.34000627E+00 -0.52472020E+01
  0.34850642E+00 -0.52700238E+01
  0.35700658E+00 -0.52933700E+01
  0.36550674E+00 -0.53172386E+01
  0.37400689E+00 -0.53416276E+01
  0.38250705E+00 -0.53665350E+01
  0.39100721E+00 -0.53919590E+01
  0.39950736E+00 -0.54178977E+01
  0.40800752E+00 -0.54443492E+01
  0.41650768E+00 -0.54713119E+01
  0.42500783E+00 -0.54987840E+01
  0.43350799E+00 -0.55267636E+01
  0.44200815E+00 -0.55552491E+01
  0.45050830E+00 -0.55842386E+01
  0.45900846E+00 -0.56137304E+01
  0.46750862E+00 -0.56437225E+01
  0.47600877E+00 -0.56742129E+01
  0.48450893E+00 -0.57051996E+01
  0.49300908E+00 -0.57366803E+01
  0.50150924E+00 -0.57686527E+01
  0.51000940E+00 -0.58011143E+01
  0.51850955E+00 -0.58340624E+01
  0.52700971E+00 -0.58674942E+01
  0.53550987E+00 -0.59014064E+01
  0.54401002E+00 -0.59357959E+01
  0.55251018E+00 -0.59706590E+01
  0.56101034E+00 -0.60059921E+01
  0.56951049E+00 -0.60417911E+01
  0.57801065E+00 -0.60780517E+01
  0.58651081E+00 -0.61147695E+01
  0.59501096E+00 -0.61519397E+01
  0.60351112E+00 -0.61895573E+01
  0.61201128E+00 -0.62276172E+01
  0.62051143E+00 -0.62661139E+01
  0.62901159E+00 -0.63050419E+01
  0.63751175E+00 -0.63443955E+01
  0.64601190E+00 -0.63841686E+01
  0.65451206E+00 -0.64243553E+01
  0.66301222E+00 -0.64649495E+01
  0.67151237E+00 -0.65059448E+01
  0.68001253E+00 -0.65473351E+01
  0.68851269E+00 -0.65891141E+01
  0.69701284E+00 -0.66312753E+01
  0.70551300E+00 -0.66738127E+01
  0.71401316E+00 -0.67167199E+01
  0.72251331E+00 -0.67599909E+01
  0.73101347E+00 -0.68036197E+01
  0.73951363E+00 -0.68476003E+01
  0.74801378E+00 -0.68919270E+01
  0.75651394E+00 -0.69365943E+01
  0.76501410E+00 -0.69815967E+01
  0.77351425E+00 -0.70269290E+01
  0.78201441E+00 -0.70725862E+01
  0.79051457E+00 -0.71185634E+01
  0.79901472E+00 -0.71145249E+01
  0.80751488E+00 -0.70768165E+01
  0.81601504E+00 -0.70387265E+01
  0.82451519E+00 -0.70002570E+01
  0.83301535E+00 -0.69614104E+01
  0.84151551E+00 -0.69221895E+01
  0.85001566E+00 -0.68825969E+01
  0.85851582E+00 -0.68426356E+01
  0.86701598E+00 -0.68023086E+01
  0.87551613E+00 -0.67616189E+01
  0.88401629E+00 -0.67205695E+01
  0.89251645E+00 -0.66791634E+01
  0.90101660E+00 -0.66374037E+01
  0.90951676E+00 -0.65952930E+01
  0.91801692E+00 -0.65528340E+01
  0.92651707E+00 -0.65100293E+01
  0.93501723E+00 -0.64668811E+01
  0.94351739E+00 -0.64233912E+01
  0.95201754E+00 -0.63795615E+01
  0.96051770E+00 -0.63353933E+01
  0.96901786E+00 -0.62908875E+01
  0.97751801E+00 -0.62460449E+01
  0.98601817E+00 -0.62008658E+01
  0.99451833E+00 -0.61553501E+01
  0.10030185E+01 -0.61094975E+01
  0.10115186E+01 -0.60633071E+01
  0.10200188E+01 -0.60167779E+01
  0.10285190E+01 -0.59699086E+01
  0.10370191E+01 -0.59226974E+01
  0.10455193E+01 -0.58751425E+01
  0.10540194E+01 -0.58272420E+01
  0.10625196E+01 -0.57789936E+01
  0.10710197E+01 -0.57303951E+01
  0.10795199E+01 -0.56814442E+01
  0.10880200E+01 -0.56321390E+01
  0.10965202E+01 -0.55824773E+01
  0.11050204E+01 -0.55324574E+01
  0.11135205E+01 -0.54820777E+01
  0.11220207E+01 -0.54313373E+01
  0.11305208E+01 -0.53802354E+01
  0.11390210E+01 -0.53287720E+01
  0.11475211E+01 -0.52769475E+01
  0.11560213E+01 -0.52247631E+01
  0.11645215E+01 -0.51722208E+01
  0.11730216E+01 -0.51193234E+01
  0.11815218E+01 -0.50660744E+01
  0.11900219E+01 -0.50124784E+01
  0.11985221E+01 -0.49585410E+01
  0.12070222E+01 -0.49042688E+01
  0.12155224E+01 -0.48496692E+01
  0.12240226E+01 -0.47947510E+01
  0.12325227E+01 -0.47395238E+01
  0.12410229E+01 -0.46839985E+01
  0.12495230E+01 -0.46281868E+01
  0.12580232E+01 -0.45721016E+01
  0.12665233E+01 -0.45157567E+01
  0.12750235E+01 -0.44591670E+01
  0.12835237E+01 -0.44023483E+01
  0.12920238E+01 -0.43453170E+01
  0.13005240E+01 -0.42880907E+01
  0.13090241E+01 -0.42306874E+01
  0.13175243E+01 -0.41731258E+01
  0.13260244E+01 -0.41154254E+01
  0.13345246E+01 -0.40576059E+01
  0.13430247E+01 -0.39996874E+01
  0.13515249E+01 -0.39416905E+01
  0.13600251E+01 -0.38836357E+01
  0.13685252E+01 -0.38255440E+01
  0.13770254E+01 -0.37674360E+01
  0.13855255E+01 -0.37093326E+01
  0.13940257E+01 -0.36512542E+01
  0.14025258E+01 -0.35932212E+01
  0.14110260E+01 -0.35352535E+01
  0.14195262E+01 -0.34773709E+01
  0.14280263E+01 -0.34195926E+01
  0.14365265E+01 -0.33619372E+01
  0.14450266E+01 -0.33044228E+01
  0.14535268E+01 -0.32470673E+01
  0.14620269E+01 -0.31898874E+01
  0.14705271E+01 -0.31328998E+01
  0.14790273E+01 -0.30761201E+01
  0.14875274E+01 -0.30195637E+01
  0.14960276E+01 -0.29632451E+01
  0.15045277E+01 -0.29071784E+01
  0.15130279E+01 -0.28513772E+01
  0.15215280E+01 -0.27958546E+01
  0.15300282E+01 -0.27406231E+01
  0.15385284E+01 -0.26856950E+01
  0.15470285E+01 -0.26310822E+01
  0.15555287E+01 -0.25767963E+01
  0.15640288E+01 -0.25228488E+01
  0.15725290E+01 -0.24692510E+01
  0.15810291E+01 -0.24160142E+01
  0.15895293E+01 -0.23631495E+01
  0.15980294E+01 -0.23106684E+01
  0.16065296E+01 -0.22585823E+01
  0.16150298E+01 -0.22069027E+01
  0.16235299E+01 -0.21556416E+01
  0.16320301E+01 -0.21048111E+01
  0.16405302E+01 -0.20544237E+01
  0.16490304E+01 -0.20044923E+01
  0.16575305E+01 -0.19550299E+01
  0.16660307E+01 -0.19060502E+01
  0.16745309E+01 -0.18575672E+01
  0.16830310E+01 -0.18095951E+01
  0.16915312E+01 -0.17621486E+01
  0.17000313E+01 -0.17152427E+01
  0.17085315E+01 -0.17616337E+01
  0.17170316E+01 -0.18076477E+01
  0.17255318E+01 -0.18532473E+01
  0.17340320E+01 -0.18984282E+01
  0.17425321E+01 -0.19431860E+01
  0.17510323E+01 -0.19875162E+01
  0.17595324E+01 -0.20314141E+01
  0.17680326E+01 -0.20748750E+01
  0.17765327E+01 -0.21178940E+01
  0.17850329E+01 -0.21604665E+01
  0.17935331E+01 -0.22025878E+01
  0.18020332E+01 -0.22442536E+01
  0.18105334E+01 -0.22854595E+01
  0.18190335E+01 -0.23262015E+01
  0.18275337E+01 -0.23664760E+01
  0.18360338E+01 -0.24062795E+01
  0.18445340E+01 -0.24456092E+01
  0.18530341E+01 -0.24844624E+01
  0.18615343E+01 -0.25228370E+01
  0.18700345E+01 -0.25607315E+01
  0.18785346E+01 -0.25981446E+01
  0.18870348E+01 -0.26350757E+01
  0.18955349E+01 -0.26715246E+01
  0.19040351E+01 -0.27074918E+01
  0.19125352E+01 -0.27429780E+01
  0.19210354E+01 -0.27779845E+01
  0.19295356E+01 -0.28125130E+01
  0.19380357E+01 -0.28465658E+01
  0.19465359E+01 -0.28801451E+01
  0.19550360E+01 -0.29132540E+01
  0.19635362E+01 -0.29458955E+01
  0.19720363E+01 -0.29780730E+01
  0.19805365E+01 -0.30097898E+01
  0.19890367E+01 -0.30410497E+01
  0.19975368E+01 -0.30718563E+01
  0.20060370E+01 -0.31022131E+01
  0.20145371E+01 -0.31321237E+01
  0.20230373E+01 -0.31615916E+01
  0.20315374E+01 -0.31906199E+01
  0.20400376E+01 -0.32192116E+01
  0.20485377E+01 -0.32473692E+01
  0.20570379E+01 -0.32750950E+01
  0.20655381E+01 -0.33023909E+01
  0.20740382E+01 -0.33292581E+01
  0.20825384E+01 -0.33556977E+01
  0.20910385E+01 -0.33817100E+01
  0.20995387E+01 -0.34072948E+01
  0.21080388E+01 -0.34324515E+01
  0.21165390E+01 -0.34571787E+01
  0.21250392E+01 -0.34814748E+01
  0.21335393E+01 -0.35053373E+01
  0.21420395E+01 -0.35287635E+01
  0.21505396E+01 -0.35517499E+01
  0.21590398E+01 -0.35742930E+01
  0.21675399E+01 -0.35963884E+01
  0.21760401E+01 -0.36180316E+01
  0.21845403E+01 -0.36392178E+01
  0.21930404E+01 -0.36599420E+01
  0.22015406E+01 -0.36801987E+01
  0.22100407E+01 -0.36999827E+01
  0.22185409E+01 -0.37192884E+01
  0.22270410E+01 -0.37381105E+01
  0.22355412E+01 -0.37564435E+01
  0.22440414E+01 -0.37742824E+01
  0.22525415E+01 -0.37916222E+01
  0.22610417E+01 -0.38084582E+01
  0.22695418E+01 -0.38247861E+01
  0.22780420E+01 -0.38406020E+01
  0.22865421E+01 -0.38559025E+01
  0.22950423E+01 -0.38706846E+01
  0.23035424E+01 -0.38849460E+01
  0.23120426E+01 -0.38986848E+01
  0.23205428E+01 -0.39119000E+01
  0.23290429E+01 -0.39245909E+01
  0.23375431E+01 -0.39367576E+01
  0.23460432E+01 -0.39484007E+01
  0.23545434E+01 -0.39595216E+01
  0.23630435E+01 -0.39701223E+01
  0.23715437E+01 -0.39802051E+01
  0.23800439E+01 -0.39897730E+01
  0.23885440E+01 -0.39988297E+01
  0.23970442E+01 -0.40073791E+01
  0.24055443E+01 -0.40154256E+01
  0.24140445E+01 -0.40229737E+01
  0.24225446E+01 -0.40300286E+01
  0.24310448E+01 -0.40365953E+01
  0.24395450E+01 -0.40426793E+01
  0.24480451E+01 -0.40482857E+01
  0.24565453E+01 -0.40534199E+01
  0.24650454E+01 -0.40580872E+01
  0.24735456E+01 -0.40622926E+01
  0.24820457E+01 -0.40660410E+01
  0.24905459E+01 -0.40693368E+01
  0.24990461E+01 -0.40721842E+01
  0.25075462E+01 -0.40745869E+01
  0.25160464E+01 -0.40765482E+01
  0.25245465E+01 -0.40780708E+01
  0.25330467E+01 -0.40791567E+01
  0.25415468E+01 -0.40798077E+01
  0.25500470E+01 -0.40800246E+01
  0.25585573E+01 -0.40812979E+01
  0.25670676E+01 -0.40851119E+01
  0.25755779E+01 -0.40914489E+01
  0.25840883E+01 -0.41002797E+01
  0.25925986E+01 -0.41115642E+01
  0.26011089E+01 -0.41252519E+01
  0.26096192E+01 -0.41412831E+01
  0.26181295E+01 -0.41595896E+01
  0.26266399E+01 -0.41800956E+01
  0.26351502E+01 -0.42027191E+01
  0.26436605E+01 -0.42273729E+01
  0.26521708E+01 -0.42539655E+01
  0.26606811E+01 -0.42824024E+01
  0.26691915E+01 -0.43125869E+01
  0.26777018E+01 -0.43444211E+01
  0.26862121E+01 -0.43778066E+01
  0.26947224E+01 -0.44126455E+01
  0.27032327E+01 -0.44488408E+01
  0.27117430E+01 -0.44862971E+01
  0.27202534E+01 -0.45249211E+01
  0.27287637E+01 -0.45646217E+01
  0.27372740E+01 -0.46053111E+01
  0.27457843E+01 -0.46469040E+01
  0.27542946E+01 -0.46893189E+01
  0.27628050E+01 -0.47324774E+01
  0.27713153E+01 -0.47763047E+01
  0.27798256E+01 -0.48207298E+01
  0.27883359E+01 -0.48656853E+01
  0.27968462E+01 -0.49111072E+01
  0.28053565E+01 -0.49569356E+01
  0.28138669E+01 -0.50031137E+01
  0.28223772E+01 -0.50495887E+01
  0.28308875E+01 -0.50963109E+01
  0.28393978E+01 -0.51432341E+01
  0.28479081E+01 -0.51903153E+01
  0.28564185E+01 -0.52375145E+01
  0.28649288E+01 -0.52847948E+01
  0.28734391E+01 -0.53321220E+01
  0.28819494E+01 -0.53794648E+01
  0.28904597E+01 -0.54267941E+01
  0.28989701E+01 -0.54740835E+01
  0.29074804E+01 -0.55213086E+01
  0.29159907E+01 -0.55684472E+01
  0.29245010E+01 -0.56154790E+01
  0.29330113E+01 -0.56623854E+01
  0.29415216E+01 -0.57091496E+01
  0.29500320E+01 -0.57557562E+01
  0.29585423E+01 -0.58021910E+01
  0.29670526E+01 -0.58484414E+01
  0.29755629E+01 -0.58944955E+01
  0.29840732E+01 -0.59403426E+01
  0.29925836E+01 -0.59859728E+01
  0.30010939E+01 -0.60313772E+01
  0.30096042E+01 -0.60765472E+01
  0.30181145E+01 -0.61214751E+01
  0.30266248E+01 -0.61661535E+01
  0.30351352E+01 -0.62105756E+01
  0.30436455E+01 -0.62547350E+01
  0.30521558E+01 -0.62986254E+01
  0.30606661E+01 -0.63422410E+01
  0.30691764E+01 -0.63855761E+01
  0.30776867E+01 -0.64286252E+01
  0.30861971E+01 -0.64713831E+01
  0.30947074E+01 -0.65138446E+01
  0.31032177E+01 -0.65560047E+01
  0.31117280E+01 -0.65978584E+01
  0.31202383E+01 -0.66394011E+01
  0.31287487E+01 -0.66806280E+01
  0.31372590E+01 -0.67215346E+01
  0.31457693E+01 -0.67621165E+01
  0.31542796E+01 -0.68023694E+01
  0.31627899E+01 -0.68422891E+01
  0.31713002E+01 -0.68818716E+01
  0.31798106E+01 -0.69211131E+01
  0.31883209E+01 -0.69336224E+01
  0.31968312E+01 -0.69020585E+01
  0.32053415E+01 -0.68703569E+01
  0.32138518E+01 -0.68385315E+01
  0.32223622E+01 -0.68065960E+01
  0.32308725E+01 -0.67745640E+01
  0.32393828E+01 -0.67424485E+01
  0.32478931E+01 -0.67102626E+01
  0.32564034E+01 -0.66780190E+01
  0.32649138E+01 -0.66457301E+01
  0.32734241E+01 -0.66134083E+01
  0.32819344E+01 -0.65810657E+01
  0.32904447E+01 -0.65487140E+01
  0.32989550E+01 -0.65163651E+01
  0.33074653E+01 -0.64840304E+01
  0.33159757E+01 -0.64517214E+01
  0.33244860E+01 -0.64194493E+01
  0.33329963E+01 -0.63872252E+01
  0.33415066E+01 -0.63550602E+01
  0.33500169E+01 -0.63229651E+01
  0.33585273E+01 -0.62909509E+01
  0.33670376E+01 -0.62590283E+01
  0.33755479E+01 -0.62272080E+01
  0.33840582E+01 -0.61955006E+01
  0.33925685E+01 -0.61639168E+01
  0.34010789E+01 -0.61324671E+01
  0.34095892E+01 -0.61011621E+01
  0.34180995E+01 -0.60700121E+01
  0.34266098E+01 -0.60390277E+01
  0.34351201E+01 -0.60082191E+01
  0.34436304E+01 -0.59775968E+01
  0.34521408E+01 -0.59471710E+01
  0.34606511E+01 -0.59169520E+01
  0.34691614E+01 -0.58869498E+01
  0.34776717E+01 -0.58571747E+01
  0.34861820E+01 -0.58276366E+01
  0.34946924E+01 -0.57983455E+01
  0.35032027E+01 -0.57693112E+01
  0.35117130E+01 -0.57405435E+01
  0.35202233E+01 -0.57120521E+01
  0.35287336E+01 -0.56838465E+01
  0.35372439E+01 -0.56559360E+01
  0.35457543E+01 -0.56283301E+01
  0.35542646E+01 -0.56010379E+01
  0.35627749E+01 -0.55740684E+01
  0.35712852E+01 -0.55474305E+01
  0.35797955E+01 -0.55211330E+01
  0.35883059E+01 -0.54951845E+01
  0.35968162E+01 -0.54695933E+01
  0.36053265E+01 -0.54443678E+01
  0.36138368E+01 -0.54195162E+01
  0.36223471E+01 -0.53950464E+01
  0.36308575E+01 -0.53709663E+01
  0.36393678E+01 -0.53472835E+01
  0.36478781E+01 -0.53240055E+01
  0.36563884E+01 -0.53011398E+01
  0.36648987E+01 -0.52786936E+01
  0.36734090E+01 -0.52566738E+01
  0.36819194E+01 -0.52350875E+01
  0.36904297E+01 -0.52139415E+01
  0.36989400E+01 -0.51932422E+01
  0.37074503E+01 -0.51729963E+01
  0.37159606E+01 -0.51532100E+01
  0.37244710E+01 -0.51338896E+01
  0.37329813E+01 -0.51150411E+01
  0.37414916E+01 -0.50966704E+01
  0.37500019E+01 -0.50787833E+01
  0.37585122E+01 -0.50613855E+01
  0.37670226E+01 -0.50444824E+01
  0.37755329E+01 -0.50280794E+01
  0.37840432E+01 -0.50121816E+01
  0.37925535E+01 -0.49967942E+01
  0.38010638E+01 -0.49819220E+01
  0.38095741E+01 -0.49675698E+01
  0.38180845E+01 -0.49537422E+01
  0.38265948E+01 -0.49404437E+01
  0.38351051E+01 -0.49276786E+01
  0.38436154E+01 -0.49154509E+01
  0.38521257E+01 -0.49037647E+01
  0.38606361E+01 -0.48926238E+01
  0.38691464E+01 -0.48820318E+01
  0.38776567E+01 -0.48719922E+01
  0.38861670E+01 -0.48625083E+01
  0.38946773E+01 -0.48535832E+01
  0.39031876E+01 -0.48452198E+01
  0.39116980E+01 -0.48374209E+01
  0.39202083E+01 -0.48301891E+01
  0.39287186E+01 -0.48235268E+01
  0.39372289E+01 -0.48174362E+01
  0.39457392E+01 -0.48119193E+01
  0.39542496E+01 -0.48069780E+01
  0.39627599E+01 -0.48026138E+01
  0.39712702E+01 -0.47988284E+01
  0.39797805E+01 -0.47956228E+01
  0.39882908E+01 -0.47929981E+01
  0.39968012E+01 -0.47909552E+01
  0.40053115E+01 -0.47894942E+01
  0.40138218E+01 -0.47886129E+01
  0.40223321E+01 -0.47882957E+01
  
  0.00000000E+00  0.97294446E+01
  0.85001566E-02  0.97287459E+01
  0.17000313E-01  0.97266500E+01
  0.25500470E-01  0.97231580E+01
  0.34000627E-01  0.97182717E+01
  0.42500783E-01  0.97119939E+01
  0.51000940E-01  0.97043276E+01
  0.59501096E-01  0.96952769E+01
  0.68001253E-01  0.96848465E+01
  0.76501410E-01  0.96730417E+01
  0.85001566E-01  0.96598686E+01
  0.93501723E-01  0.96453338E+01
  0.10200188E+00  0.96294447E+01
  0.11050204E+00  0.96122091E+01
  0.11900219E+00  0.95936356E+01
  0.12750235E+00  0.95737332E+01
  0.13600251E+00  0.95525115E+01
  0.14450266E+00  0.95299808E+01
  0.15300282E+00  0.95061516E+01
  0.16150298E+00  0.94810350E+01
  0.17000313E+00  0.94546428E+01
  0.17850329E+00  0.94269869E+01
  0.18700345E+00  0.93980799E+01
  0.19550360E+00  0.93679345E+01
  0.20400376E+00  0.93365641E+01
  0.21250392E+00  0.93039824E+01
  0.22100407E+00  0.92702034E+01
  0.22950423E+00  0.92352414E+01
  0.23800439E+00  0.91991111E+01
  0.24650454E+00  0.91618277E+01
  0.25500470E+00  0.91234064E+01
  0.26350486E+00  0.90838630E+01
  0.27200501E+00  0.90432134E+01
  0.28050517E+00  0.90014738E+01
  0.28900533E+00  0.89586609E+01
  0.29750548E+00  0.89147915E+01
  0.30600564E+00  0.88698827E+01
  0.31450580E+00  0.88239519E+01
  0.32300595E+00  0.87770167E+01
  0.33150611E+00  0.87290951E+01
  0.34000627E+00  0.86802051E+01
  0.34850642E+00  0.86303652E+01
  0.35700658E+00  0.85795940E+01
  0.36550674E+00  0.85279103E+01
  0.37400689E+00  0.84753331E+01
  0.38250705E+00  0.84218816E+01
  0.39100721E+00  0.83675753E+01
  0.39950736E+00  0.83124336E+01
  0.40800752E+00  0.82564761E+01
  0.41650768E+00  0.81997228E+01
  0.42500783E+00  0.81421934E+01
  0.43350799E+00  0.80839079E+01
  0.44200815E+00  0.80248862E+01
  0.45050830E+00  0.79651483E+01
  0.45900846E+00  0.79047142E+01
  0.46750862E+00  0.78436038E+01
  0.47600877E+00  0.77818370E+01
  0.48450893E+00  0.77194334E+01
  0.49300908E+00  0.76564127E+01
  0.50150924E+00  0.75927944E+01
  0.51000940E+00  0.75285977E+01
  0.51850955E+00  0.74638416E+01
  0.52700971E+00  0.73985450E+01
  0.53550987E+00  0.73327264E+01
  0.54401002E+00  0.72664041E+01
  0.55251018E+00  0.71995960E+01
  0.56101034E+00  0.71323197E+01
  0.56951049E+00  0.70645926E+01
  0.57801065E+00  0.69964315E+01
  0.58651081E+00  0.69278531E+01
  0.59501096E+00  0.68588735E+01
  0.60351112E+00  0.67895086E+01
  0.61201128E+00  0.67197739E+01
  0.62051143E+00  0.66496845E+01
  0.62901159E+00  0.65792551E+01
  0.63751175E+00  0.65085002E+01
  0.64601190E+00  0.64374338E+01
  0.65451206E+00  0.63660696E+01
  0.66301222E+00  0.62944212E+01
  0.67151237E+00  0.62225017E+01
  0.68001253E+00  0.61503241E+01
  0.68851269E+00  0.60779009E+01
  0.69701284E+00  0.60052448E+01
  0.70551300E+00  0.59323680E+01
  0.71401316E+00  0.58592826E+01
  0.72251331E+00  0.57860007E+01
  0.73101347E+00  0.57125341E+01
  0.73951363E+00  0.56388947E+01
  0.74801378E+00  0.55650943E+01
  0.75651394E+00  0.54911445E+01
  0.76501410E+00  0.54170570E+01
  0.77351425E+00  0.53428436E+01
  0.78201441E+00  0.52685160E+01
  0.79051457E+00  0.51940859E+01
  0.79901472E+00  0.51195651E+01
  0.80751488E+00  0.50449653E+01
  0.81601504E+00  0.49702984E+01
  0.82451519E+00  0.48955763E+01
  0.83301535E+00  0.48208108E+01
  0.84151551E+00  0.47460139E+01
  0.85001566E+00  0.46711974E+01
  0.85851582E+00  0.45963732E+01
  0.86701598E+00  0.45215533E+01
  0.87551613E+00  0.44467493E+01
  0.88401629E+00  0.43719730E+01
  0.89251645E+00  0.42972360E+01
  0.90101660E+00  0.42225497E+01
  0.90951676E+00  0.41479256E+01
  0.91801692E+00  0.40733746E+01
  0.92651707E+00  0.39989076E+01
  0.93501723E+00  0.39245353E+01
  0.94351739E+00  0.38502680E+01
  0.95201754E+00  0.37761157E+01
  0.96051770E+00  0.37020881E+01
  0.96901786E+00  0.36281944E+01
  0.97751801E+00  0.35544437E+01
  0.98601817E+00  0.34808444E+01
  0.99451833E+00  0.34074046E+01
  0.10030185E+01  0.33341320E+01
  0.10115186E+01  0.32610338E+01
  0.10200188E+01  0.31881168E+01
  0.10285190E+01  0.31153872E+01
  0.10370191E+01  0.30428511E+01
  0.10455193E+01  0.29705139E+01
  0.10540194E+01  0.28983806E+01
  0.10625196E+01  0.28264558E+01
  0.10710197E+01  0.27547440E+01
  0.10795199E+01  0.26832490E+01
  0.10880200E+01  0.26119745E+01
  0.10965202E+01  0.25409237E+01
  0.11050204E+01  0.24700999E+01
  0.11135205E+01  0.23995058E+01
  0.11220207E+01  0.23291442E+01
  0.11305208E+01  0.22590177E+01
  0.11390210E+01  0.21891287E+01
  0.11475211E+01  0.21194798E+01
  0.11560213E+01  0.20500733E+01
  0.11645215E+01  0.19809117E+01
  0.11730216E+01  0.19119975E+01
  0.11815218E+01  0.18433333E+01
  0.11900219E+01  0.17749220E+01
  0.11985221E+01  0.17067665E+01
  0.12070222E+01  0.16388698E+01
  0.12155224E+01  0.15712353E+01
  0.12240226E+01  0.15038666E+01
  0.12325227E+01  0.14367674E+01
  0.12410229E+01  0.13699419E+01
  0.12495230E+01  0.13033943E+01
  0.12580232E+01  0.12371291E+01
  0.12665233E+01  0.11711511E+01
  0.12750235E+01  0.11054654E+01
  0.12835237E+01  0.10400771E+01
  0.12920238E+01  0.97499165E+00
  0.13005240E+01  0.91021460E+00
  0.13090241E+01  0.84575164E+00
  0.13175243E+01  0.78160855E+00
  0.13260244E+01  0.71779118E+00
  0.13345246E+01  0.65430540E+00
  0.13430247E+01  0.59115704E+00
  0.13515249E+01  0.52835190E+00
  0.13600251E+01  0.46589568E+00
  0.13685252E+01  0.40379391E+00
  0.13770254E+01  0.34205197E+00
  0.13855255E+01  0.28067500E+00
  0.13940257E+01  0.21966788E+00
  0.14025258E+01  0.15903523E+00
  0.14110260E+01  0.98781316E-01
  0.14195262E+01  0.38910074E-01
  0.14280263E+01 -0.20574931E-01
  0.14365265E+01 -0.79670520E-01
  0.14450266E+01 -0.13837391E+00
  0.14535268E+01 -0.19668273E+00
  0.14620269E+01 -0.25459501E+00
  0.14705271E+01 -0.31210918E+00
  0.14790273E+01 -0.36922407E+00
  0.14875274E+01 -0.42593886E+00
  0.14960276E+01 -0.48225314E+00
  0.15045277E+01 -0.53816677E+00
  0.15130279E+01 -0.59367996E+00
  0.15215280E+01 -0.64879315E+00
  0.15300282E+01 -0.70350704E+00
  0.15385284E+01 -0.75782249E+00
  0.15470285E+01 -0.81174052E+00
  0.15555287E+01 -0.86526223E+00
  0.15640288E+01 -0.91838877E+00
  0.15725290E+01 -0.97112131E+00
  0.15810291E+01 -0.10234609E+01
  0.15895293E+01 -0.10754087E+01
  0.15980294E+01 -0.11269654E+01
  0.16065296E+01 -0.11781318E+01
  0.16150298E+01 -0.12289083E+01
  0.16235299E+01 -0.12792951E+01
  0.16320301E+01 -0.13292921E+01
  0.16405302E+01 -0.13788989E+01
  0.16490304E+01 -0.14281147E+01
  0.16575305E+01 -0.14769383E+01
  0.16660307E+01 -0.15253683E+01
  0.16745309E+01 -0.15734028E+01
  0.16830310E+01 -0.16210394E+01
  0.16915312E+01 -0.16682756E+01
  0.17000313E+01 -0.17151082E+01
  0.17085315E+01 -0.16687941E+01
  0.17170316E+01 -0.16230178E+01
  0.17255318E+01 -0.15778286E+01
  0.17340320E+01 -0.15332422E+01
  0.17425321E+01 -0.14892744E+01
  0.17510323E+01 -0.14459410E+01
  0.17595324E+01 -0.14032573E+01
  0.17680326E+01 -0.13612388E+01
  0.17765327E+01 -0.13199004E+01
  0.17850329E+01 -0.12792565E+01
  0.17935331E+01 -0.12393210E+01
  0.18020332E+01 -0.12001073E+01
  0.18105334E+01 -0.11616277E+01
  0.18190335E+01 -0.11238940E+01
  0.18275337E+01 -0.10869167E+01
  0.18360338E+01 -0.10507055E+01
  0.18445340E+01 -0.10152689E+01
  0.18530341E+01 -0.98061414E+00
  0.18615343E+01 -0.94674720E+00
  0.18700345E+01 -0.91367277E+00
  0.18785346E+01 -0.88139419E+00
  0.18870348E+01 -0.84991334E+00
  0.18955349E+01 -0.81923072E+00
  0.19040351E+01 -0.78934538E+00
  0.19125352E+01 -0.76025495E+00
  0.19210354E+01 -0.73195565E+00
  0.19295356E+01 -0.70444232E+00
  0.19380357E+01 -0.67770844E+00
  0.19465359E+01 -0.65174624E+00
  0.19550360E+01 -0.62654669E+00
  0.19635362E+01 -0.60209965E+00
  0.19720363E+01 -0.57839389E+00
  0.19805365E+01 -0.55541721E+00
  0.19890367E+01 -0.53315656E+00
  0.19975368E+01 -0.51159808E+00
  0.20060370E+01 -0.49072730E+00
  0.20145371E+01 -0.47052918E+00
  0.20230373E+01 -0.45098825E+00
  0.20315374E+01 -0.43208873E+00
  0.20400376E+01 -0.41381464E+00
  0.20485377E+01 -0.39614991E+00
  0.20570379E+01 -0.37907850E+00
  0.20655381E+01 -0.36258447E+00
  0.20740382E+01 -0.34665211E+00
  0.20825384E+01 -0.33126602E+00
  0.20910385E+01 -0.31641119E+00
  0.20995387E+01 -0.30207305E+00
  0.21080388E+01 -0.28823756E+00
  0.21165390E+01 -0.27489126E+00
  0.21250392E+01 -0.26202128E+00
  0.21335393E+01 -0.24961539E+00
  0.21420395E+01 -0.23766201E+00
  0.21505396E+01 -0.22615022E+00
  0.21590398E+01 -0.21506976E+00
  0.21675399E+01 -0.20441097E+00
  0.21760401E+01 -0.19416484E+00
  0.21845403E+01 -0.18432289E+00
  0.21930404E+01 -0.17487717E+00
  0.22015406E+01 -0.16582023E+00
  0.22100407E+01 -0.15714497E+00
  0.22185409E+01 -0.14884470E+00
  0.22270410E+01 -0.14091297E+00
  0.22355412E+01 -0.13334352E+00
  0.22440414E+01 -0.12613025E+00
  0.22525415E+01 -0.11926710E+00
  0.22610417E+01 -0.11274799E+00
  0.22695418E+01 -0.10656676E+00
  0.22780420E+01 -0.10071709E+00
  0.22865421E+01 -0.95192442E-01
  0.22950423E+01 -0.89986013E-01
  0.23035424E+01 -0.85090673E-01
  0.23120426E+01 -0.80498936E-01
  0.23205428E+01 -0.76202922E-01
  0.23290429E+01 -0.72194337E-01
  0.23375431E+01 -0.68464460E-01
  0.23460432E+01 -0.65004141E-01
  0.23545434E+01 -0.61803812E-01
  0.23630435E+01 -0.58853501E-01
  0.23715437E+01 -0.56142866E-01
  0.23800439E+01 -0.53661231E-01
  0.23885440E+01 -0.51397637E-01
  0.23970442E+01 -0.49340896E-01
  0.24055443E+01 -0.47479659E-01
  0.24140445E+01 -0.45802491E-01
  0.24225446E+01 -0.44297945E-01
  0.24310448E+01 -0.42954648E-01
  0.24395450E+01 -0.41761391E-01
  0.24480451E+01 -0.40707217E-01
  0.24565453E+01 -0.39781514E-01
  0.24650454E+01 -0.38974105E-01
  0.24735456E+01 -0.38275342E-01
  0.24820457E+01 -0.37676192E-01
  0.24905459E+01 -0.37168318E-01
  0.24990461E+01 -0.36744165E-01
  0.25075462E+01 -0.36397026E-01
  0.25160464E+01 -0.36121109E-01
  0.25245465E+01 -0.35911595E-01
  0.25330467E+01 -0.35764686E-01
  0.25415468E+01 -0.35677640E-01
  0.25500470E+01 -0.35648803E-01
  0.25585573E+01 -0.34085911E-01
  0.25670676E+01 -0.29402283E-01
  0.25755779E+01 -0.21612970E-01
  0.25840883E+01 -0.10742745E-01
  0.25925986E+01  0.31743544E-02
  0.26011089E+01  0.20095622E-01
  0.26096192E+01  0.39970419E-01
  0.26181295E+01  0.62740992E-01
  0.26266399E+01  0.88343354E-01
  0.26351502E+01  0.11670820E+00
  0.26436605E+01  0.14776181E+00
  0.26521708E+01  0.18142695E+00
  0.26606811E+01  0.21762366E+00
  0.26691915E+01  0.25627009E+00
  0.26777018E+01  0.29728314E+00
  0.26862121E+01  0.34057908E+00
  0.26947224E+01  0.38607409E+00
  0.27032327E+01  0.43368472E+00
  0.27117430E+01  0.48332819E+00
  0.27202534E+01  0.53492276E+00
  0.27287637E+01  0.58838791E+00
  0.27372740E+01  0.64364452E+00
  0.27457843E+01  0.70061502E+00
  0.27542946E+01  0.75922341E+00
  0.27628050E+01  0.81939541E+00
  0.27713153E+01  0.88105838E+00
  0.27798256E+01  0.94414140E+00
  0.27883359E+01  0.10085752E+01
  0.27968462E+01  0.10742924E+01
  0.28053565E+01  0.11412269E+01
  0.28138669E+01  0.12093146E+01
  0.28223772E+01  0.12784929E+01
  0.28308875E+01  0.13487008E+01
  0.28393978E+01  0.14198789E+01
  0.28479081E+01  0.14919695E+01
  0.28564185E+01  0.15649164E+01
  0.28649288E+01  0.16386651E+01
  0.28734391E+01  0.17131628E+01
  0.28819494E+01  0.17883581E+01
  0.28904597E+01  0.18642015E+01
  0.28989701E+01  0.19406452E+01
  0.29074804E+01  0.20176429E+01
  0.29159907E+01  0.20951502E+01
  0.29245010E+01  0.21731246E+01
  0.29330113E+01  0.22515251E+01
  0.29415216E+01  0.23303126E+01
  0.29500320E+01  0.24094500E+01
  0.29585423E+01  0.24889018E+01
  0.29670526E+01  0.25686344E+01
  0.29755629E+01  0.26486161E+01
  0.29840732E+01  0.27288169E+01
  0.29925836E+01  0.28092086E+01
  0.30010939E+01  0.28897647E+01
  0.30096042E+01  0.29704605E+01
  0.30181145E+01  0.30512730E+01
  0.30266248E+01  0.31321806E+01
  0.30351352E+01  0.32131634E+01
  0.30436455E+01  0.32942028E+01
  0.30521558E+01  0.33752818E+01
  0.30606661E+01  0.34563843E+01
  0.30691764E+01  0.35374958E+01
  0.30776867E+01  0.36186027E+01
  0.30861971E+01  0.36996922E+01
  0.30947074E+01  0.37807527E+01
  0.31032177E+01  0.38617732E+01
  0.31117280E+01  0.39427434E+01
  0.31202383E+01  0.40236535E+01
  0.31287487E+01  0.41044943E+01
  0.31372590E+01  0.41852568E+01
  0.31457693E+01  0.42659325E+01
  0.31542796E+01  0.43465129E+01
  0.31627899E+01  0.44269896E+01
  0.31713002E+01  0.45073543E+01
  0.31798106E+01  0.45875987E+01
  0.31883209E+01  0.46677143E+01
  0.31968312E+01  0.47476926E+01
  0.32053415E+01  0.48275246E+01
  0.32138518E+01  0.49072013E+01
  0.32223622E+01  0.49867135E+01
  0.32308725E+01  0.50660514E+01
  0.32393828E+01  0.51452052E+01
  0.32478931E+01  0.52241645E+01
  0.32564034E+01  0.53029187E+01
  0.32649138E+01  0.53814568E+01
  0.32734241E+01  0.54597676E+01
  0.32819344E+01  0.55378395E+01
  0.32904447E+01  0.56156604E+01
  0.32989550E+01  0.56932181E+01
  0.33074653E+01  0.57705001E+01
  0.33159757E+01  0.58474935E+01
  0.33244860E+01  0.59241853E+01
  0.33329963E+01  0.60005620E+01
  0.33415066E+01  0.60766102E+01
  0.33500169E+01  0.61523160E+01
  0.33585273E+01  0.62276655E+01
  0.33670376E+01  0.63026446E+01
  0.33755479E+01  0.63772388E+01
  0.33840582E+01  0.64514337E+01
  0.33925685E+01  0.65252147E+01
  0.34010789E+01  0.65985670E+01
  0.34095892E+01  0.66714758E+01
  0.34180995E+01  0.67439260E+01
  0.34266098E+01  0.68159025E+01
  0.34351201E+01  0.68873900E+01
  0.34436304E+01  0.69583732E+01
  0.34521408E+01  0.70288367E+01
  0.34606511E+01  0.70987647E+01
  0.34691614E+01  0.71681417E+01
  0.34776717E+01  0.72369517E+01
  0.34861820E+01  0.73051790E+01
  0.34946924E+01  0.73728075E+01
  0.35032027E+01  0.74398210E+01
  0.35117130E+01  0.75062034E+01
  0.35202233E+01  0.75719383E+01
  0.35287336E+01  0.76370092E+01
  0.35372439E+01  0.77013997E+01
  0.35457543E+01  0.77650931E+01
  0.35542646E+01  0.78280728E+01
  0.35627749E+01  0.78903220E+01
  0.35712852E+01  0.79518239E+01
  0.35797955E+01  0.80125617E+01
  0.35883059E+01  0.80725184E+01
  0.35968162E+01  0.81316771E+01
  0.36053265E+01  0.81900209E+01
  0.36138368E+01  0.82475328E+01
  0.36223471E+01  0.83041960E+01
  0.36308575E+01  0.83599936E+01
  0.36393678E+01  0.84149086E+01
  0.36478781E+01  0.84689244E+01
  0.36563884E+01  0.85220241E+01
  0.36648987E+01  0.85741912E+01
  0.36734090E+01  0.86254091E+01
  0.36819194E+01  0.86756613E+01
  0.36904297E+01  0.87249316E+01
  0.36989400E+01  0.87732037E+01
  0.37074503E+01  0.88204616E+01
  0.37159606E+01  0.88666893E+01
  0.37244710E+01  0.89118711E+01
  0.37329813E+01  0.89559915E+01
  0.37414916E+01  0.89990349E+01
  0.37500019E+01  0.90409862E+01
  0.37585122E+01  0.90818303E+01
  0.37670226E+01  0.91215523E+01
  0.37755329E+01  0.91601376E+01
  0.37840432E+01  0.91975718E+01
  0.37925535E+01  0.92338406E+01
  0.38010638E+01  0.92689301E+01
  0.38095741E+01  0.93028265E+01
  0.38180845E+01  0.93355164E+01
  0.38265948E+01  0.93669865E+01
  0.38351051E+01  0.93972239E+01
  0.38436154E+01  0.94262161E+01
  0.38521257E+01  0.94539508E+01
  0.38606361E+01  0.94804159E+01
  0.38691464E+01  0.95056000E+01
  0.38776567E+01  0.95294918E+01
  0.38861670E+01  0.95520805E+01
  0.38946773E+01  0.95733559E+01
  0.39031876E+01  0.95933079E+01
  0.39116980E+01  0.96119272E+01
  0.39202083E+01  0.96292048E+01
  0.39287186E+01  0.96451324E+01
  0.39372289E+01  0.96597022E+01
  0.39457392E+01  0.96729069E+01
  0.39542496E+01  0.96847400E+01
  0.39627599E+01  0.96951953E+01
  0.39712702E+01  0.97042676E+01
  0.39797805E+01  0.97119522E+01
  0.39882908E+01  0.97182450E+01
  0.39968012E+01  0.97231429E+01
  0.40053115E+01  0.97266433E+01
  0.40138218E+01  0.97287442E+01
  0.40223321E+01  0.97294446E+01
  
