  0.50000000E-01  0.34927154E-05 -0.17242380E-08
  0.60000000E-01  0.34927437E-05 -0.15085941E-08
  0.70000000E-01  0.34927771E-05 -0.12920677E-08
  0.80000000E-01  0.34928156E-05 -0.10745043E-08
  0.90000000E-01  0.34928593E-05 -0.85574733E-09
  0.10000000E+00  0.34929082E-05 -0.63563768E-09
  0.11000000E+00  0.34929623E-05 -0.41401432E-09
  0.12000000E+00  0.34930215E-05 -0.19071423E-09
  0.13000000E+00  0.34930860E-05  0.34427448E-10
  0.14000000E+00  0.34931557E-05  0.26157721E-09
  0.15000000E+00  0.34932306E-05  0.49090308E-09
  0.16000000E+00  0.34933107E-05  0.72257442E-09
  0.17000000E+00  0.34933961E-05  0.95676176E-09
  0.18000000E+00  0.34934868E-05  0.11936367E-08
  0.19000000E+00  0.34935827E-05  0.14333714E-08
  0.20000000E+00  0.34936840E-05  0.16761391E-08
  0.21000000E+00  0.34937906E-05  0.19221131E-08
  0.22000000E+00  0.34939025E-05  0.21714671E-08
  0.23000000E+00  0.34940197E-05  0.24243748E-08
  0.24000000E+00  0.34941423E-05  0.26810098E-08
  0.25000000E+00  0.34942703E-05  0.29415453E-08
  0.26000000E+00  0.34944037E-05  0.32061538E-08
  0.27000000E+00  0.34945425E-05  0.34750072E-08
  0.28000000E+00  0.34946868E-05  0.37482764E-08
  0.29000000E+00  0.34948365E-05  0.40261309E-08
  0.30000000E+00  0.34949916E-05  0.43087390E-08
  0.31000000E+00  0.34951522E-05  0.45962672E-08
  0.32000000E+00  0.34953183E-05  0.48888801E-08
  0.33000000E+00  0.34954899E-05  0.51867404E-08
  0.34000000E+00  0.34956670E-05  0.54900083E-08
  0.35000000E+00  0.34958497E-05  0.57988416E-08
  0.36000000E+00  0.34960378E-05  0.61133954E-08
  0.37000000E+00  0.34962315E-05  0.64338219E-08
  0.38000000E+00  0.34964308E-05  0.67602699E-08
  0.39000000E+00  0.34966356E-05  0.70928852E-08
  0.40000000E+00  0.34968459E-05  0.74318099E-08
  0.41000000E+00  0.34970618E-05  0.77771823E-08
  0.42000000E+00  0.34972833E-05  0.81291369E-08
  0.43000000E+00  0.34975103E-05  0.84878041E-08
  0.44000000E+00  0.34977429E-05  0.88533098E-08
  0.45000000E+00  0.34979811E-05  0.92257757E-08
  0.46000000E+00  0.34982247E-05  0.96053187E-08
  0.47000000E+00  0.34984739E-05  0.99920510E-08
  0.48000000E+00  0.34987287E-05  0.10386080E-07
  0.49000000E+00  0.34989889E-05  0.10787507E-07
  0.50000000E+00  0.34992547E-05  0.11196430E-07
  0.51000000E+00  0.34995259E-05  0.11612940E-07
  0.52000000E+00  0.34998026E-05  0.12037124E-07
  0.53000000E+00  0.35000847E-05  0.12469061E-07
  0.54000000E+00  0.35003723E-05  0.12908827E-07
  0.55000000E+00  0.35006652E-05  0.13356491E-07
  0.56000000E+00  0.35009635E-05  0.13812116E-07
  0.57000000E+00  0.35012672E-05  0.14275759E-07
  0.58000000E+00  0.35015762E-05  0.14747472E-07
  0.59000000E+00  0.35018905E-05  0.15227300E-07
  0.60000000E+00  0.35022100E-05  0.15715284E-07
  0.61000000E+00  0.35025347E-05  0.16211455E-07
  0.62000000E+00  0.35028646E-05  0.16715841E-07
  0.63000000E+00  0.35031997E-05  0.17228464E-07
  0.64000000E+00  0.35035399E-05  0.17749339E-07
  0.65000000E+00  0.35038851E-05  0.18278474E-07
  0.66000000E+00  0.35042354E-05  0.18815874E-07
  0.67000000E+00  0.35045907E-05  0.19361535E-07
  0.68000000E+00  0.35049509E-05  0.19915448E-07
  0.69000000E+00  0.35053161E-05  0.20477600E-07
  0.70000000E+00  0.35056861E-05  0.21047970E-07
  0.71000000E+00  0.35060609E-05  0.21626532E-07
  0.72000000E+00  0.35064405E-05  0.22213255E-07
  0.73000000E+00  0.35068249E-05  0.22808103E-07
  0.74000000E+00  0.35072140E-05  0.23411034E-07
  0.75000000E+00  0.35076077E-05  0.24022000E-07
  0.76000000E+00  0.35080060E-05  0.24640950E-07
  0.77000000E+00  0.35084089E-05  0.25267827E-07
  0.78000000E+00  0.35088164E-05  0.25902569E-07
  0.79000000E+00  0.35092283E-05  0.26545112E-07
  0.80000000E+00  0.35096447E-05  0.27195383E-07
  0.81000000E+00  0.35100655E-05  0.27853310E-07
  0.82000000E+00  0.35104906E-05  0.28518814E-07
  0.83000000E+00  0.35109201E-05  0.29191814E-07
  0.84000000E+00  0.35113539E-05  0.29872223E-07
  0.85000000E+00  0.35117919E-05  0.30559954E-07
  0.86000000E+00  0.35122342E-05  0.31254913E-07
  0.87000000E+00  0.35126806E-05  0.31957008E-07
  0.88000000E+00  0.35131312E-05  0.32666140E-07
  0.89000000E+00  0.35135859E-05  0.33382210E-07
  0.90000000E+00  0.35140446E-05  0.34105115E-07
  0.91000000E+00  0.35145074E-05  0.34834752E-07
  0.92000000E+00  0.35149743E-05  0.35571015E-07
  0.93000000E+00  0.35154451E-05  0.36313795E-07
  0.94000000E+00  0.35159199E-05  0.37062985E-07
  0.95000000E+00  0.35163986E-05  0.37818473E-07
  0.96000000E+00  0.35168812E-05  0.38580148E-07
  0.97000000E+00  0.35173677E-05  0.39347898E-07
  0.98000000E+00  0.35178581E-05  0.40121610E-07
  0.99000000E+00  0.35183523E-05  0.40901171E-07
  0.10000000E+01  0.35188503E-05  0.41686465E-07
  0.10100000E+01  0.35193520E-05  0.42477379E-07
  0.10200000E+01  0.35198576E-05  0.43273797E-07
  0.10300000E+01  0.35203669E-05  0.44075606E-07
  0.10400000E+01  0.35208800E-05  0.44882690E-07
  0.10500000E+01  0.35213967E-05  0.45694933E-07
  0.10600000E+01  0.35219172E-05  0.46512223E-07
  0.10700000E+01  0.35224414E-05  0.47334443E-07
  0.10800000E+01  0.35229693E-05  0.48161479E-07
  0.10900000E+01  0.35235009E-05  0.48993217E-07
  0.11000000E+01  0.35240362E-05  0.49829543E-07
  0.11100000E+01  0.35245752E-05  0.50670343E-07
  0.11200000E+01  0.35251178E-05  0.51515502E-07
  0.11300000E+01  0.35256642E-05  0.52364907E-07
  0.11400000E+01  0.35262142E-05  0.53218443E-07
  0.11500000E+01  0.35267680E-05  0.54075997E-07
  0.11600000E+01  0.35273254E-05  0.54937453E-07
  0.11700000E+01  0.35278867E-05  0.55802696E-07
  0.11800000E+01  0.35284516E-05  0.56671612E-07
  0.11900000E+01  0.35290204E-05  0.57544083E-07
  0.12000000E+01  0.35295929E-05  0.58419992E-07
  0.12100000E+01  0.35301693E-05  0.59299220E-07
  0.12200000E+01  0.35307495E-05  0.60181648E-07
  0.12300000E+01  0.35313337E-05  0.61067153E-07
  0.12400000E+01  0.35319217E-05  0.61955614E-07
  0.12500000E+01  0.35325137E-05  0.62846903E-07
  0.12600000E+01  0.35331097E-05  0.63740893E-07
  0.12700000E+01  0.35337098E-05  0.64637454E-07
  0.12800000E+01  0.35343139E-05  0.65536452E-07
  0.12900000E+01  0.35349222E-05  0.66437751E-07
  0.13000000E+01  0.35355346E-05  0.67341209E-07
  0.13100000E+01  0.35361512E-05  0.68246683E-07
  0.13200000E+01  0.35367722E-05  0.69154025E-07
  0.13300000E+01  0.35373974E-05  0.70063082E-07
  0.13400000E+01  0.35380271E-05  0.70973695E-07
  0.13500000E+01  0.35386611E-05  0.71885704E-07
  0.13600000E+01  0.35392997E-05  0.72798938E-07
  0.13700000E+01  0.35399427E-05  0.73713226E-07
  0.13800000E+01  0.35405904E-05  0.74628386E-07
  0.13900000E+01  0.35412426E-05  0.75544233E-07
  0.14000000E+01  0.35418996E-05  0.76460574E-07
  0.14100000E+01  0.35425613E-05  0.77377210E-07
  0.14200000E+01  0.35432278E-05  0.78293933E-07
  0.14300000E+01  0.35438991E-05  0.79210530E-07
  0.14400000E+01  0.35445753E-05  0.80126779E-07
  0.14500000E+01  0.35452564E-05  0.81042450E-07
  0.14600000E+01  0.35459425E-05  0.81957306E-07
  0.14700000E+01  0.35466336E-05  0.82871102E-07
  0.14800000E+01  0.35473297E-05  0.83783583E-07
  0.14900000E+01  0.35480310E-05  0.84694486E-07
  0.15000000E+01  0.35487374E-05  0.85603541E-07
  0.15100000E+01  0.35494490E-05  0.86510467E-07
  0.15200000E+01  0.35501658E-05  0.87414977E-07
  0.15300000E+01  0.35508879E-05  0.88316772E-07
  0.15400000E+01  0.35516153E-05  0.89215548E-07
  0.15500000E+01  0.35523482E-05  0.90110989E-07
  0.15600000E+01  0.35530864E-05  0.91002773E-07
  0.15700000E+01  0.35538301E-05  0.91890567E-07
  0.15800000E+01  0.35545794E-05  0.92774032E-07
  0.15900000E+01  0.35553342E-05  0.93652819E-07
  0.16000000E+01  0.35560947E-05  0.94526574E-07
  0.16100000E+01  0.35568610E-05  0.95394931E-07
  0.16200000E+01  0.35576330E-05  0.96257521E-07
  0.16300000E+01  0.35584109E-05  0.97113965E-07
  0.16400000E+01  0.35591947E-05  0.97963878E-07
  0.16500000E+01  0.35599846E-05  0.98806871E-07
  0.16600000E+01  0.35607806E-05  0.99642546E-07
  0.16700000E+01  0.35615829E-05  0.10047050E-06
  0.16800000E+01  0.35623915E-05  0.10129033E-06
  0.16900000E+01  0.35632065E-05  0.10210163E-06
  0.17000000E+01  0.35640281E-05  0.10290398E-06
  0.17100000E+01  0.35648565E-05  0.10369696E-06
  0.17200000E+01  0.35656916E-05  0.10448015E-06
  0.17300000E+01  0.35665338E-05  0.10525315E-06
  0.17400000E+01  0.35673830E-05  0.10601551E-06
  0.17500000E+01  0.35682396E-05  0.10676684E-06
  0.17600000E+01  0.35691035E-05  0.10750670E-06
  0.17700000E+01  0.35699751E-05  0.10823467E-06
  0.17800000E+01  0.35708545E-05  0.10895036E-06
  0.17900000E+01  0.35717418E-05  0.10965333E-06
  0.18000000E+01  0.35726372E-05  0.11034320E-06
  0.18100000E+01  0.35735410E-05  0.11101955E-06
  0.18200000E+01  0.35744533E-05  0.11168200E-06
  0.18300000E+01  0.35753743E-05  0.11233015E-06
  0.18400000E+01  0.35763042E-05  0.11296364E-06
  0.18500000E+01  0.35772432E-05  0.11358209E-06
  0.18600000E+01  0.35781915E-05  0.11418514E-06
  0.18700000E+01  0.35791493E-05  0.11477245E-06
  0.18800000E+01  0.35801169E-05  0.11534369E-06
  0.18900000E+01  0.35810944E-05  0.11589853E-06
  0.19000000E+01  0.35820821E-05  0.11643666E-06
  0.19100000E+01  0.35830801E-05  0.11695780E-06
  0.19200000E+01  0.35840888E-05  0.11746166E-06
  0.19300000E+01  0.35851082E-05  0.11794800E-06
  0.19400000E+01  0.35861387E-05  0.11841655E-06
  0.19500000E+01  0.35871805E-05  0.11886710E-06
  0.19600000E+01  0.35882337E-05  0.11929944E-06
  0.19700000E+01  0.35892987E-05  0.11971338E-06
  0.19800000E+01  0.35903757E-05  0.12010874E-06
  0.19900000E+01  0.35914648E-05  0.12048538E-06
  0.20000000E+01  0.35925664E-05  0.12084316E-06
  0.20100000E+01  0.35936807E-05  0.12118196E-06
  0.20200000E+01  0.35948080E-05  0.12150168E-06
  0.20300000E+01  0.35959485E-05  0.12180225E-06
  0.20400000E+01  0.35971024E-05  0.12208360E-06
  0.20500000E+01  0.35982701E-05  0.12234569E-06
  0.20600000E+01  0.35994518E-05  0.12258848E-06
  0.20700000E+01  0.36006479E-05  0.12281196E-06
  0.20800000E+01  0.36018585E-05  0.12301613E-06
  0.20900000E+01  0.36030840E-05  0.12320098E-06
  0.21000000E+01  0.36043247E-05  0.12336654E-06
  0.21100000E+01  0.36055810E-05  0.12351284E-06
  0.21200000E+01  0.36068530E-05  0.12363989E-06
  0.21300000E+01  0.36081411E-05  0.12374774E-06
  0.21400000E+01  0.36094458E-05  0.12383641E-06
  0.21500000E+01  0.36107672E-05  0.12390593E-06
  0.21600000E+01  0.36121057E-05  0.12395634E-06
  0.21700000E+01  0.36134617E-05  0.12398763E-06
  0.21800000E+01  0.36148354E-05  0.12399982E-06
  0.21900000E+01  0.36162273E-05  0.12399289E-06
  0.22000000E+01  0.36176377E-05  0.12396680E-06
  0.22100000E+01  0.36190669E-05  0.12392149E-06
  0.22200000E+01  0.36205153E-05  0.12385689E-06
  0.22300000E+01  0.36219832E-05  0.12377286E-06
  0.22400000E+01  0.36234709E-05  0.12366926E-06
  0.22500000E+01  0.36249789E-05  0.12354589E-06
  0.22600000E+01  0.36265074E-05  0.12340252E-06
  0.22700000E+01  0.36280568E-05  0.12323885E-06
  0.22800000E+01  0.36296274E-05  0.12305456E-06
  0.22900000E+01  0.36312197E-05  0.12284926E-06
  0.23000000E+01  0.36328338E-05  0.12262250E-06
  0.23100000E+01  0.36344702E-05  0.12237377E-06
  0.23200000E+01  0.36361292E-05  0.12210251E-06
  0.23300000E+01  0.36378112E-05  0.12180809E-06
  0.23400000E+01  0.36395164E-05  0.12148983E-06
  0.23500000E+01  0.36412453E-05  0.12114695E-06
  0.23600000E+01  0.36429982E-05  0.12077865E-06
  0.23700000E+01  0.36447754E-05  0.12038405E-06
  0.23800000E+01  0.36465772E-05  0.11996221E-06
  0.23900000E+01  0.36484042E-05  0.11951213E-06
  0.24000000E+01  0.36502565E-05  0.11903279E-06
  0.24100000E+01  0.36521345E-05  0.11852308E-06
  0.24200000E+01  0.36540388E-05  0.11798189E-06
  0.24300000E+01  0.36559695E-05  0.11740807E-06
  0.24400000E+01  0.36579271E-05  0.11680044E-06
  0.24500000E+01  0.36599120E-05  0.11615782E-06
  0.24600000E+01  0.36619245E-05  0.11547904E-06
  0.24700000E+01  0.36639651E-05  0.11476293E-06
  0.24800000E+01  0.36660342E-05  0.11400837E-06
  0.24900000E+01  0.36681322E-05  0.11321427E-06
  0.25000000E+01  0.36702595E-05  0.11237961E-06
  0.25100000E+01  0.36724165E-05  0.11150346E-06
  0.25200000E+01  0.36746036E-05  0.11058497E-06
  0.25300000E+01  0.36768214E-05  0.10962343E-06
  0.25400000E+01  0.36790701E-05  0.10861826E-06
  0.25500000E+01  0.36813504E-05  0.10756904E-06
  0.25600000E+01  0.36836625E-05  0.10647553E-06
  0.25700000E+01  0.36860069E-05  0.10533770E-06
  0.25800000E+01  0.36883842E-05  0.10415573E-06
  0.25900000E+01  0.36907947E-05  0.10293006E-06
  0.26000000E+01  0.36932388E-05  0.10166138E-06
  0.26100000E+01  0.36957171E-05  0.10035066E-06
  0.26200000E+01  0.36982300E-05  0.98999175E-07
  0.26300000E+01  0.37007779E-05  0.97608506E-07
  0.26400000E+01  0.37033612E-05  0.96180565E-07
  0.26500000E+01  0.37059804E-05  0.94717597E-07
  0.26600000E+01  0.37086360E-05  0.93222194E-07
  0.26700000E+01  0.37113284E-05  0.91697295E-07
  0.26800000E+01  0.37140580E-05  0.90146190E-07
  0.26900000E+01  0.37168252E-05  0.88572516E-07
  0.27000000E+01  0.37196305E-05  0.86980248E-07
  0.27100000E+01  0.37224743E-05  0.85373690E-07
  0.27200000E+01  0.37253571E-05  0.83757455E-07
  0.27300000E+01  0.37282792E-05  0.82136442E-07
  0.27400000E+01  0.37312410E-05  0.80515811E-07
  0.27500000E+01  0.37342430E-05  0.78900945E-07
  0.27600000E+01  0.37372855E-05  0.77297410E-07
  0.27700000E+01  0.37403689E-05  0.75710910E-07
  0.27800000E+01  0.37434936E-05  0.74147230E-07
  0.27900000E+01  0.37466599E-05  0.72612182E-07
  0.28000000E+01  0.37498682E-05  0.71111533E-07
  0.28100000E+01  0.37531187E-05  0.69650938E-07
  0.28200000E+01  0.37564117E-05  0.68235862E-07
  0.28300000E+01  0.37597475E-05  0.66871498E-07
  0.28400000E+01  0.37631264E-05  0.65562680E-07
  0.28500000E+01  0.37665484E-05  0.64313799E-07
  0.28600000E+01  0.37700139E-05  0.63128709E-07
  0.28700000E+01  0.37735229E-05  0.62010640E-07
  0.28800000E+01  0.37770755E-05  0.60962108E-07
  0.28900000E+01  0.37806718E-05  0.59984831E-07
  0.29000000E+01  0.37843119E-05  0.59079654E-07
  0.29100000E+01  0.37879957E-05  0.58246476E-07
  0.29200000E+01  0.37917232E-05  0.57484195E-07
  0.29300000E+01  0.37954943E-05  0.56790662E-07
  0.29400000E+01  0.37993088E-05  0.56162663E-07
  0.29500000E+01  0.38031667E-05  0.55595905E-07
  0.29600000E+01  0.38070678E-05  0.55085048E-07
  0.29700000E+01  0.38110117E-05  0.54623744E-07
  0.29800000E+01  0.38149981E-05  0.54204724E-07
  0.29900000E+01  0.38190269E-05  0.53819908E-07
  0.30000000E+01  0.38230976E-05  0.53460556E-07
  0.30100000E+01  0.38272097E-05  0.53117458E-07
  0.30200000E+01  0.38313629E-05  0.52781164E-07
  0.30300000E+01  0.38355567E-05  0.52442248E-07
  0.30400000E+01  0.38397905E-05  0.52091622E-07
  0.30500000E+01  0.38440637E-05  0.51720881E-07
  0.30600000E+01  0.38483758E-05  0.51322683E-07
  0.30700000E+01  0.38527261E-05  0.50891164E-07
  0.30800000E+01  0.38571140E-05  0.50422375E-07
  0.30900000E+01  0.38615387E-05  0.49914741E-07
  0.31000000E+01  0.38659995E-05  0.49369520E-07
  0.31100000E+01  0.38704957E-05  0.48791273E-07
  0.31200000E+01  0.38750266E-05  0.48188316E-07
  0.31300000E+01  0.38795914E-05  0.47573144E-07
  0.31400000E+01  0.38841893E-05  0.46962825E-07
  0.31500000E+01  0.38888198E-05  0.46379333E-07
  0.31600000E+01  0.38934821E-05  0.45849821E-07
  0.31700000E+01  0.38981756E-05  0.45406807E-07
  0.31800000E+01  0.39028997E-05  0.45088266E-07
  0.31900000E+01  0.39076539E-05  0.44937620E-07
  0.32000000E+01  0.39124377E-05  0.45003596E-07
  0.32100000E+01  0.39172507E-05  0.45339961E-07
  0.32200000E+01  0.39220924E-05  0.46005124E-07
  0.32300000E+01  0.39269626E-05  0.47061586E-07
  0.32400000E+01  0.39318608E-05  0.48575255E-07
  0.32500000E+01  0.39367866E-05  0.50614613E-07
  0.32600000E+01  0.39417396E-05  0.53249759E-07
  0.32700000E+01  0.39467192E-05  0.56551309E-07
  0.32800000E+01  0.39517246E-05  0.60589195E-07
  0.32900000E+01  0.39567549E-05  0.65431363E-07
  0.33000000E+01  0.39618090E-05  0.71142390E-07
  0.33100000E+01  0.39668853E-05  0.77782049E-07
  0.33200000E+01  0.39719820E-05  0.85403840E-07
  0.33300000E+01  0.39770968E-05  0.94053513E-07
  0.33400000E+01  0.39822270E-05  0.10376762E-06
  0.33500000E+01  0.39873695E-05  0.11457212E-06
  0.33600000E+01  0.39925204E-05  0.12648103E-06
  0.33700000E+01  0.39976755E-05  0.13949528E-06
  0.33800000E+01  0.40028298E-05  0.15360160E-06
  0.33900000E+01  0.40079781E-05  0.16877172E-06
  0.34000000E+01  0.40131141E-05  0.18496171E-06
  0.34100000E+01  0.40182311E-05  0.20211168E-06
  0.34200000E+01  0.40233220E-05  0.22014586E-06
  0.34300000E+01  0.40283788E-05  0.23897306E-06
  0.34400000E+01  0.40333929E-05  0.25848773E-06
  0.34500000E+01  0.40383552E-05  0.27857169E-06
  0.34600000E+01  0.40432563E-05  0.29909654E-06
  0.34700000E+01  0.40480857E-05  0.31992707E-06
  0.34800000E+01  0.40528332E-05  0.34092561E-06
  0.34900000E+01  0.40574876E-05  0.36195746E-06
  0.35000000E+01  0.40620380E-05  0.38289755E-06
  0.35100000E+01  0.40664733E-05  0.40363810E-06
  0.35200000E+01  0.40707827E-05  0.42409740E-06
  0.35300000E+01  0.40749557E-05  0.44422937E-06
  0.35400000E+01  0.40789831E-05  0.46403359E-06
  0.35500000E+01  0.40828563E-05  0.48356528E-06
  0.35600000E+01  0.40865686E-05  0.50294471E-06
  0.35700000E+01  0.40901148E-05  0.52236511E-06
  0.35800000E+01  0.40934920E-05  0.54209843E-06
  0.35900000E+01  0.40966993E-05  0.56249792E-06
  0.36000000E+01  0.40997380E-05  0.58399669E-06
  0.36100000E+01  0.41026112E-05  0.60710155E-06
  0.36200000E+01  0.41053236E-05  0.63238152E-06
  0.36300000E+01  0.41078805E-05  0.66045080E-06
  0.36400000E+01  0.41102870E-05  0.69194632E-06
  0.36500000E+01  0.41125469E-05  0.72750041E-06
  0.36600000E+01  0.41146612E-05  0.76770965E-06
  0.36700000E+01  0.41166268E-05  0.81310142E-06
  0.36800000E+01  0.41184351E-05  0.86409994E-06
  0.36900000E+01  0.41200701E-05  0.92099400E-06
  0.37000000E+01  0.41215074E-05  0.98390867E-06
  0.37100000E+01  0.41227125E-05  0.10527831E-05
  0.37200000E+01  0.41236398E-05  0.11273565E-05
  0.37300000E+01  0.41242314E-05  0.12071632E-05
  0.37400000E+01  0.41244166E-05  0.12915378E-05
  0.37500000E+01  0.41241110E-05  0.13796293E-05
  0.37600000E+01  0.41232172E-05  0.14704222E-05
  0.37700000E+01  0.41216255E-05  0.15627594E-05
  0.37800000E+01  0.41192170E-05  0.16553606E-05
  0.37900000E+01  0.41158682E-05  0.17468272E-05
  0.38000000E+01  0.41114578E-05  0.18356276E-05
  0.38100000E+01  0.41058781E-05  0.19200641E-05
  0.38200000E+01  0.40990477E-05  0.19982427E-05
  0.38300000E+01  0.40909282E-05  0.20680990E-05
  0.38400000E+01  0.40815403E-05  0.21275681E-05
  0.38500000E+01  0.40709777E-05  0.21750050E-05
  0.38600000E+01  0.40594136E-05  0.22099241E-05
  0.38700000E+01  0.40470958E-05  0.22340082E-05
  0.38800000E+01  0.40343263E-05  0.22521298E-05
  0.38900000E+01  0.40214236E-05  0.22728994E-05
  0.39000000E+01  0.40086671E-05  0.23081431E-05
  0.39100000E+01  0.39962254E-05  0.23708580E-05
  0.39200000E+01  0.39840666E-05  0.24716943E-05
  0.39300000E+01  0.39718495E-05  0.26147379E-05
  0.39400000E+01  0.39587942E-05  0.27940256E-05
  0.39500000E+01  0.39435535E-05  0.29923959E-05
  0.39600000E+01  0.39241685E-05  0.31837142E-05
  0.39700000E+01  0.38983341E-05  0.33383097E-05
  0.39800000E+01  0.38644246E-05  0.34301126E-05
  0.39900000E+01  0.38238680E-05  0.34431474E-05
  0.40000000E+01  0.37851979E-05  0.33751770E-05
  0.40100000E+01  0.37700674E-05  0.32373800E-05
  0.40200000E+01  0.38275404E-05  0.30504601E-05
  0.40300000E+01  0.41127659E-05  0.28388223E-05
  0.40400000E+01  0.60968651E-05  0.26248844E-05
  0.40500000E+01  0.73824256E-06  0.24251595E-05
  0.40600000E+01  0.22021978E-05  0.22487891E-05
  0.40700000E+01  0.24999584E-05  0.20982396E-05
  0.40800000E+01  0.26200801E-05  0.19712821E-05
  0.40900000E+01  0.26817956E-05  0.18632820E-05
  0.41000000E+01  0.27177105E-05  0.17690907E-05
  0.41100000E+01  0.27402198E-05  0.16842280E-05
  0.41200000E+01  0.27550539E-05  0.16053823E-05
  0.41300000E+01  0.27652420E-05  0.15304263E-05
  0.41400000E+01  0.27725462E-05  0.14581868E-05
  0.41500000E+01  0.27780609E-05  0.13881453E-05
  0.41600000E+01  0.27824949E-05  0.13201746E-05
  0.41700000E+01  0.27863174E-05  0.12543464E-05
  0.41800000E+01  0.27898412E-05  0.11908092E-05
  0.41900000E+01  0.27932730E-05  0.11297193E-05
  0.42000000E+01  0.27967466E-05  0.10712063E-05
  0.42100000E+01  0.28003451E-05  0.10153588E-05
  0.42200000E+01  0.28041166E-05  0.96222083E-06
  0.42300000E+01  0.28080853E-05  0.91179346E-06
  0.42400000E+01  0.28122595E-05  0.86403953E-06
  0.42500000E+01  0.28166370E-05  0.81888905E-06
  0.42600000E+01  0.28212092E-05  0.77624530E-06
  0.42700000E+01  0.28259640E-05  0.73599077E-06
  0.42800000E+01  0.28308875E-05  0.69799295E-06
  0.42900000E+01  0.28359652E-05  0.66210959E-06
  0.43000000E+01  0.28411827E-05  0.62819344E-06
  0.43100000E+01  0.28465264E-05  0.59609637E-06
  0.43200000E+01  0.28519837E-05  0.56567277E-06
  0.43300000E+01  0.28575429E-05  0.53678237E-06
  0.43400000E+01  0.28631935E-05  0.50929232E-06
  0.43500000E+01  0.28689257E-05  0.48307876E-06
  0.43600000E+01  0.28747311E-05  0.45802778E-06
  0.43700000E+01  0.28806018E-05  0.43403594E-06
  0.43800000E+01  0.28865307E-05  0.41101043E-06
  0.43900000E+01  0.28925117E-05  0.38886879E-06
  0.44000000E+01  0.28985390E-05  0.36753851E-06
  0.44100000E+01  0.29046074E-05  0.34695637E-06
  0.44200000E+01  0.29107123E-05  0.32706766E-06
  0.44300000E+01  0.29168495E-05  0.30782532E-06
  0.44400000E+01  0.29230151E-05  0.28918909E-06
  0.44500000E+01  0.29292056E-05  0.27112461E-06
  0.44600000E+01  0.29354177E-05  0.25360258E-06
  0.44700000E+01  0.29416487E-05  0.23659798E-06
  0.44800000E+01  0.29478957E-05  0.22008936E-06
  0.44900000E+01  0.29541564E-05  0.20405813E-06
  0.45000000E+01  0.29604284E-05  0.18848805E-06
  0.45100000E+01  0.29667097E-05  0.17336473E-06
  0.45200000E+01  0.29729983E-05  0.15867518E-06
  0.45300000E+01  0.29792926E-05  0.14440749E-06
  0.45400000E+01  0.29855908E-05  0.13055053E-06
  0.45500000E+01  0.29918915E-05  0.11709377E-06
  0.45600000E+01  0.29981932E-05  0.10402704E-06
  0.45700000E+01  0.30044948E-05  0.91340475E-07
  0.45800000E+01  0.30107949E-05  0.79024360E-07
  0.45900000E+01  0.30170926E-05  0.67069109E-07
  0.46000000E+01  0.30233868E-05  0.55465212E-07
  0.46100000E+01  0.30296766E-05  0.44203217E-07
  0.46200000E+01  0.30359610E-05  0.33273729E-07
  0.46300000E+01  0.30422393E-05  0.22667415E-07
  0.46400000E+01  0.30485108E-05  0.12375020E-07
  0.46500000E+01  0.30547747E-05  0.23873849E-08
  0.46600000E+01  0.30610303E-05 -0.73045321E-08
  0.46700000E+01  0.30672772E-05 -0.16709632E-07
  0.46800000E+01  0.30735148E-05 -0.25836653E-07
  0.46900000E+01  0.30797425E-05 -0.34694149E-07
  0.47000000E+01  0.30859599E-05 -0.43290472E-07
  0.47100000E+01  0.30921665E-05 -0.51633754E-07
  0.47200000E+01  0.30983620E-05 -0.59731892E-07
  0.47300000E+01  0.31045459E-05 -0.67592541E-07
  0.47400000E+01  0.31107179E-05 -0.75223101E-07
  0.47500000E+01  0.31168778E-05 -0.82630713E-07
  0.47600000E+01  0.31230251E-05 -0.89822256E-07
  0.47700000E+01  0.31291597E-05 -0.96804347E-07
  0.47800000E+01  0.31352813E-05 -0.10358334E-06
  0.47900000E+01  0.31413897E-05 -0.11016533E-06
  0.48000000E+01  0.31474846E-05 -0.11655617E-06
  0.48100000E+01  0.31535659E-05 -0.12276144E-06
  0.48200000E+01  0.31596333E-05 -0.12878650E-06
  0.48300000E+01  0.31656868E-05 -0.13463647E-06
  0.48400000E+01  0.31717262E-05 -0.14031625E-06
  0.48500000E+01  0.31777513E-05 -0.14583054E-06
  0.48600000E+01  0.31837621E-05 -0.15118380E-06
  0.48700000E+01  0.31897583E-05 -0.15638033E-06
  0.48800000E+01  0.31957400E-05 -0.16142423E-06
  0.48900000E+01  0.32017070E-05 -0.16631944E-06
  0.49000000E+01  0.32076592E-05 -0.17106972E-06
  0.49100000E+01  0.32135966E-05 -0.17567868E-06
  0.49200000E+01  0.32195191E-05 -0.18014979E-06
  0.49300000E+01  0.32254267E-05 -0.18448638E-06
  0.49400000E+01  0.32313192E-05 -0.18869166E-06
  0.49500000E+01  0.32371967E-05 -0.19276871E-06
  0.49600000E+01  0.32430591E-05 -0.19672050E-06
  0.49700000E+01  0.32489064E-05 -0.20054990E-06
  0.49800000E+01  0.32547386E-05 -0.20425968E-06
  0.49900000E+01  0.32605555E-05 -0.20785250E-06
  0.50000000E+01  0.32663573E-05 -0.21133097E-06
  0.50100000E+01  0.32721439E-05 -0.21469759E-06
  0.50200000E+01  0.32779152E-05 -0.21795478E-06
  0.50300000E+01  0.32836714E-05 -0.22110490E-06
  0.50400000E+01  0.32894123E-05 -0.22415025E-06
  0.50500000E+01  0.32951380E-05 -0.22709304E-06
  0.50600000E+01  0.33008485E-05 -0.22993544E-06
  0.50700000E+01  0.33065438E-05 -0.23267954E-06
  0.50800000E+01  0.33122240E-05 -0.23532740E-06
  0.50900000E+01  0.33178889E-05 -0.23788100E-06
  0.51000000E+01  0.33235387E-05 -0.24034228E-06
  0.51100000E+01  0.33291734E-05 -0.24271315E-06
  0.51200000E+01  0.33347930E-05 -0.24499542E-06
  0.51300000E+01  0.33403975E-05 -0.24719091E-06
  0.51400000E+01  0.33459869E-05 -0.24930136E-06
  0.51500000E+01  0.33515614E-05 -0.25132849E-06
  0.51600000E+01  0.33571209E-05 -0.25327394E-06
  0.51700000E+01  0.33626654E-05 -0.25513936E-06
  0.51800000E+01  0.33681951E-05 -0.25692633E-06
  0.51900000E+01  0.33737098E-05 -0.25863638E-06
  0.52000000E+01  0.33792098E-05 -0.26027104E-06
  0.52100000E+01  0.33846951E-05 -0.26183177E-06
  0.52200000E+01  0.33901656E-05 -0.26332001E-06
  0.52300000E+01  0.33956215E-05 -0.26473717E-06
  0.52400000E+01  0.34010628E-05 -0.26608460E-06
  0.52500000E+01  0.34064895E-05 -0.26736365E-06
  0.52600000E+01  0.34119018E-05 -0.26857562E-06
  0.52700000E+01  0.34172996E-05 -0.26972179E-06
  0.52800000E+01  0.34226831E-05 -0.27080340E-06
  0.52900000E+01  0.34280523E-05 -0.27182165E-06
  0.53000000E+01  0.34334073E-05 -0.27277775E-06
  0.53100000E+01  0.34387481E-05 -0.27367284E-06
  0.53200000E+01  0.34440749E-05 -0.27450806E-06
  0.53300000E+01  0.34493876E-05 -0.27528452E-06
  0.53400000E+01  0.34546864E-05 -0.27600329E-06
  0.53500000E+01  0.34599714E-05 -0.27666544E-06
  0.53600000E+01  0.34652425E-05 -0.27727201E-06
  0.53700000E+01  0.34704999E-05 -0.27782399E-06
  0.53800000E+01  0.34757437E-05 -0.27832239E-06
  0.53900000E+01  0.34809739E-05 -0.27876817E-06
  0.54000000E+01  0.34861907E-05 -0.27916229E-06
  0.54100000E+01  0.34913940E-05 -0.27950567E-06
  0.54200000E+01  0.34965839E-05 -0.27979924E-06
  0.54300000E+01  0.35017606E-05 -0.28004388E-06
  0.54400000E+01  0.35069241E-05 -0.28024048E-06
  0.54500000E+01  0.35120745E-05 -0.28038990E-06
  0.54600000E+01  0.35172119E-05 -0.28049299E-06
  0.54700000E+01  0.35223363E-05 -0.28055057E-06
  0.54800000E+01  0.35274478E-05 -0.28056347E-06
  0.54900000E+01  0.35325465E-05 -0.28053249E-06
  0.55000000E+01  0.35376324E-05 -0.28045843E-06
  0.55100000E+01  0.35427056E-05 -0.28034206E-06
  0.55200000E+01  0.35477662E-05 -0.28018415E-06
  0.55300000E+01  0.35528143E-05 -0.27998546E-06
  0.55400000E+01  0.35578499E-05 -0.27974673E-06
  0.55500000E+01  0.35628730E-05 -0.27946870E-06
  0.55600000E+01  0.35678838E-05 -0.27915209E-06
  0.55700000E+01  0.35728823E-05 -0.27879763E-06
  0.55800000E+01  0.35778686E-05 -0.27840601E-06
  0.55900000E+01  0.35828426E-05 -0.27797794E-06
  0.56000000E+01  0.35878045E-05 -0.27751410E-06
  0.56100000E+01  0.35927543E-05 -0.27701518E-06
  0.56200000E+01  0.35976921E-05 -0.27648185E-06
  0.56300000E+01  0.36026179E-05 -0.27591478E-06
  0.56400000E+01  0.36075318E-05 -0.27531464E-06
  0.56500000E+01  0.36124337E-05 -0.27468206E-06
  0.56600000E+01  0.36173238E-05 -0.27401772E-06
  0.56700000E+01  0.36222021E-05 -0.27332223E-06
  0.56800000E+01  0.36270686E-05 -0.27259625E-06
  0.56900000E+01  0.36319233E-05 -0.27184039E-06
  0.57000000E+01  0.36367663E-05 -0.27105529E-06
  0.57100000E+01  0.36415976E-05 -0.27024156E-06
  0.57200000E+01  0.36464173E-05 -0.26939982E-06
  0.57300000E+01  0.36512253E-05 -0.26853068E-06
  0.57400000E+01  0.36560217E-05 -0.26763474E-06
  0.57500000E+01  0.36608066E-05 -0.26671259E-06
  0.57600000E+01  0.36655799E-05 -0.26576485E-06
  0.57700000E+01  0.36703416E-05 -0.26479208E-06
  0.57800000E+01  0.36750918E-05 -0.26379489E-06
  0.57900000E+01  0.36798306E-05 -0.26277386E-06
  0.58000000E+01  0.36845578E-05 -0.26172955E-06
  0.58100000E+01  0.36892736E-05 -0.26066254E-06
  0.58200000E+01  0.36939779E-05 -0.25957341E-06
  0.58300000E+01  0.36986708E-05 -0.25846272E-06
  0.58400000E+01  0.37033522E-05 -0.25733102E-06
  0.58500000E+01  0.37080223E-05 -0.25617888E-06
  0.58600000E+01  0.37126809E-05 -0.25500685E-06
  0.58700000E+01  0.37173281E-05 -0.25381547E-06
  0.58800000E+01  0.37219639E-05 -0.25260529E-06
  0.58900000E+01  0.37265883E-05 -0.25137685E-06
  0.59000000E+01  0.37312014E-05 -0.25013069E-06
  0.59100000E+01  0.37358030E-05 -0.24886734E-06
  0.59200000E+01  0.37403933E-05 -0.24758732E-06
  0.59300000E+01  0.37449722E-05 -0.24629117E-06
  0.59400000E+01  0.37495398E-05 -0.24497939E-06
  0.59500000E+01  0.37540960E-05 -0.24365251E-06
  0.59600000E+01  0.37586408E-05 -0.24231103E-06
  0.59700000E+01  0.37631742E-05 -0.24095547E-06
  0.59800000E+01  0.37676963E-05 -0.23958631E-06
  0.59900000E+01  0.37722070E-05 -0.23820407E-06
  0.60000000E+01  0.37767063E-05 -0.23680924E-06
  0.60100000E+01  0.37811943E-05 -0.23540229E-06
  0.60200000E+01  0.37856709E-05 -0.23398372E-06
  0.60300000E+01  0.37901361E-05 -0.23255400E-06
  0.60400000E+01  0.37945899E-05 -0.23111360E-06
  0.60500000E+01  0.37990323E-05 -0.22966301E-06
  0.60600000E+01  0.38034633E-05 -0.22820267E-06
  0.60700000E+01  0.38078829E-05 -0.22673304E-06
  0.60800000E+01  0.38122910E-05 -0.22525459E-06
  0.60900000E+01  0.38166877E-05 -0.22376775E-06
  0.61000000E+01  0.38210730E-05 -0.22227297E-06
  0.61100000E+01  0.38254468E-05 -0.22077068E-06
  0.61200000E+01  0.38298091E-05 -0.21926132E-06
  0.61300000E+01  0.38341600E-05 -0.21774531E-06
  0.61400000E+01  0.38384993E-05 -0.21622308E-06
  0.61500000E+01  0.38428272E-05 -0.21469502E-06
  0.61600000E+01  0.38471434E-05 -0.21316156E-06
  0.61700000E+01  0.38514482E-05 -0.21162310E-06
  0.61800000E+01  0.38557413E-05 -0.21008002E-06
  0.61900000E+01  0.38600229E-05 -0.20853272E-06
  0.62000000E+01  0.38642928E-05 -0.20698158E-06
  0.62100000E+01  0.38685511E-05 -0.20542699E-06
  0.62200000E+01  0.38727977E-05 -0.20386930E-06
  0.62300000E+01  0.38770327E-05 -0.20230888E-06
  0.62400000E+01  0.38812559E-05 -0.20074610E-06
  0.62500000E+01  0.38854674E-05 -0.19918130E-06
  0.62600000E+01  0.38896671E-05 -0.19761483E-06
  0.62700000E+01  0.38938550E-05 -0.19604702E-06
  0.62800000E+01  0.38980311E-05 -0.19447821E-06
  0.62900000E+01  0.39021953E-05 -0.19290871E-06
  0.63000000E+01  0.39063477E-05 -0.19133886E-06
  0.63100000E+01  0.39104881E-05 -0.18976895E-06
  0.63200000E+01  0.39146166E-05 -0.18819930E-06
  0.63300000E+01  0.39187331E-05 -0.18663019E-06
  0.63400000E+01  0.39228377E-05 -0.18506193E-06
  0.63500000E+01  0.39269301E-05 -0.18349479E-06
  0.63600000E+01  0.39310105E-05 -0.18192905E-06
  0.63700000E+01  0.39350788E-05 -0.18036499E-06
  0.63800000E+01  0.39391350E-05 -0.17880285E-06
  0.63900000E+01  0.39431789E-05 -0.17724290E-06
  0.64000000E+01  0.39472107E-05 -0.17568540E-06
  0.64100000E+01  0.39512302E-05 -0.17413057E-06
  0.64200000E+01  0.39552374E-05 -0.17257866E-06
  0.64300000E+01  0.39592323E-05 -0.17102989E-06
  0.64400000E+01  0.39632148E-05 -0.16948449E-06
  0.64500000E+01  0.39671850E-05 -0.16794268E-06
  0.64600000E+01  0.39711427E-05 -0.16640466E-06
  0.64700000E+01  0.39750879E-05 -0.16487063E-06
  0.64800000E+01  0.39790206E-05 -0.16334079E-06
  0.64900000E+01  0.39829408E-05 -0.16181532E-06
  0.65000000E+01  0.39868484E-05 -0.16029442E-06
  0.65100000E+01  0.39907434E-05 -0.15877826E-06
  0.65200000E+01  0.39946257E-05 -0.15726701E-06
  0.65300000E+01  0.39984953E-05 -0.15576083E-06
  0.65400000E+01  0.40023522E-05 -0.15425988E-06
  0.65500000E+01  0.40061962E-05 -0.15276431E-06
  0.65600000E+01  0.40100275E-05 -0.15127427E-06
  0.65700000E+01  0.40138459E-05 -0.14978990E-06
  0.65800000E+01  0.40176513E-05 -0.14831134E-06
  0.65900000E+01  0.40214438E-05 -0.14683871E-06
  0.66000000E+01  0.40252233E-05 -0.14537213E-06
  0.66100000E+01  0.40289898E-05 -0.14391173E-06
  0.66200000E+01  0.40327431E-05 -0.14245762E-06
  0.66300000E+01  0.40364833E-05 -0.14100991E-06
  0.66400000E+01  0.40402103E-05 -0.13956869E-06
  0.66500000E+01  0.40439241E-05 -0.13813408E-06
  0.66600000E+01  0.40476245E-05 -0.13670616E-06
  0.66700000E+01  0.40513116E-05 -0.13528501E-06
  0.66800000E+01  0.40549853E-05 -0.13387074E-06
  0.66900000E+01  0.40586455E-05 -0.13246341E-06
  0.67000000E+01  0.40622922E-05 -0.13106311E-06
  0.67100000E+01  0.40659253E-05 -0.12966990E-06
  0.67200000E+01  0.40695447E-05 -0.12828386E-06
  0.67300000E+01  0.40731504E-05 -0.12690505E-06
  0.67400000E+01  0.40767423E-05 -0.12553353E-06
  0.67500000E+01  0.40803204E-05 -0.12416937E-06
  0.67600000E+01  0.40838844E-05 -0.12281261E-06
  0.67700000E+01  0.40874344E-05 -0.12146332E-06
  0.67800000E+01  0.40909703E-05 -0.12012153E-06
  0.67900000E+01  0.40944920E-05 -0.11878731E-06
  0.68000000E+01  0.40979994E-05 -0.11746070E-06
  0.68100000E+01  0.41014924E-05 -0.11614174E-06
  0.68200000E+01  0.41049708E-05 -0.11483047E-06
  0.68300000E+01  0.41084347E-05 -0.11352694E-06
  0.68400000E+01  0.41118838E-05 -0.11223118E-06
  0.68500000E+01  0.41153181E-05 -0.11094323E-06
  0.68600000E+01  0.41187374E-05 -0.10966314E-06
  0.68700000E+01  0.41221416E-05 -0.10839094E-06
  0.68800000E+01  0.41255306E-05 -0.10712666E-06
  0.68900000E+01  0.41289042E-05 -0.10587034E-06
  0.69000000E+01  0.41322624E-05 -0.10462203E-06
  0.69100000E+01  0.41356048E-05 -0.10338176E-06
  0.69200000E+01  0.41389314E-05 -0.10214957E-06
  0.69300000E+01  0.41422420E-05 -0.10092550E-06
  0.69400000E+01  0.41455365E-05 -0.99709587E-07
  0.69500000E+01  0.41488146E-05 -0.98501881E-07
  0.69600000E+01  0.41520762E-05 -0.97302425E-07
  0.69700000E+01  0.41553210E-05 -0.96111268E-07
  0.69800000E+01  0.41585490E-05 -0.94928460E-07
  0.69900000E+01  0.41617598E-05 -0.93754053E-07
  0.70000000E+01  0.41649533E-05 -0.92588103E-07
