   0.00000000E+000   0.55274152E-009
   0.30030030E-001   0.60929435E-009
   0.60060060E-001   0.78775047E-009
   0.90090090E-001   0.11155542E-008
   0.12012012E+000   0.16424536E-008
   0.15015015E+000   0.24487390E-008
   0.18018018E+000   0.36631512E-008
   0.21021021E+000   0.55020862E-008
   0.24024024E+000   0.83536799E-008
   0.27027027E+000   0.12946699E-007
   0.30030030E+000   0.20651993E-007
   0.33033033E+000   0.33926523E-007
   0.36036036E+000   0.56771219E-007
   0.39039039E+000   0.94823862E-007
   0.42042042E+000   0.15450536E-006
   0.45045045E+000   0.24084596E-006
   0.48048048E+000   0.35450745E-006
   0.51051051E+000   0.48969026E-006
   0.54054054E+000   0.63488602E-006
   0.57057057E+000   0.77689562E-006
   0.60060060E+000   0.90600633E-006
   0.63063063E+000   0.10190360E-005
   0.66066066E+000   0.11185168E-005
   0.69069069E+000   0.12092396E-005
   0.72072072E+000   0.12949536E-005
   0.75075075E+000   0.13770868E-005
   0.78078078E+000   0.14553501E-005
   0.81081081E+000   0.15289471E-005
   0.84084084E+000   0.15973683E-005
   0.87087087E+000   0.16605515E-005
   0.90090090E+000   0.17187046E-005
   0.93093093E+000   0.17721097E-005
   0.96096096E+000   0.18210381E-005
   0.99099099E+000   0.18657558E-005
   0.10210210E+001   0.19065567E-005
   0.10510511E+001   0.19437846E-005
   0.10810811E+001   0.19778345E-005
   0.11111111E+001   0.20091423E-005
   0.11411411E+001   0.20381688E-005
   0.11711712E+001   0.20653872E-005
   0.12012012E+001   0.20912717E-005
   0.12312312E+001   0.21162901E-005
   0.12612613E+001   0.21408990E-005
   0.12912913E+001   0.21655398E-005
   0.13213213E+001   0.21906385E-005
   0.13513514E+001   0.22166050E-005
   0.13813814E+001   0.22438342E-005
   0.14114114E+001   0.22727080E-005
   0.14414414E+001   0.23035959E-005
   0.14714715E+001   0.23368570E-005
   0.15015015E+001   0.23728450E-005
   0.15315315E+001   0.24119167E-005
   0.15615616E+001   0.24544436E-005
   0.15915916E+001   0.25008226E-005
   0.16216216E+001   0.25514814E-005
   0.16516517E+001   0.26068805E-005
   0.16816817E+001   0.26675152E-005
   0.17117117E+001   0.27339371E-005
   0.17417417E+001   0.28067887E-005
   0.17717718E+001   0.28868544E-005
   0.18018018E+001   0.29751398E-005
   0.18318318E+001   0.30729774E-005
   0.18618619E+001   0.31822290E-005
   0.18918919E+001   0.33056359E-005
   0.19219219E+001   0.34474867E-005
   0.19519520E+001   0.36148926E-005
   0.19819820E+001   0.38204404E-005
   0.20120120E+001   0.40877795E-005
   0.20420420E+001   0.44614584E-005
   0.20720721E+001   0.50198907E-005
   0.21021021E+001   0.59084184E-005
   0.21321321E+001   0.68959195E-005
   0.21621622E+001   0.66517399E-005
   0.21921922E+001   0.65735768E-005
   0.22222222E+001   0.65778118E-005
   0.22522523E+001   0.66027980E-005
   0.22822823E+001   0.66450818E-005
   0.23123123E+001   0.66977477E-005
   0.23423423E+001   0.67541002E-005
   0.23723724E+001   0.68109537E-005
   0.24024024E+001   0.68674362E-005
   0.24324324E+001   0.69233325E-005
   0.24624625E+001   0.69783688E-005
   0.24924925E+001   0.70321999E-005
   0.25225225E+001   0.70845923E-005
   0.25525526E+001   0.71355157E-005
   0.25825826E+001   0.71851078E-005
   0.26126126E+001   0.72335939E-005
   0.26426426E+001   0.72812337E-005
   0.26726727E+001   0.73283061E-005
   0.27027027E+001   0.73751155E-005
   0.27327327E+001   0.74219964E-005
   0.27627628E+001   0.74693125E-005
   0.27927928E+001   0.75174510E-005
   0.28228228E+001   0.75668182E-005
   0.28528529E+001   0.76178387E-005
   0.28828829E+001   0.76709565E-005
   0.29129129E+001   0.77266377E-005
   0.29429429E+001   0.77853739E-005
   0.29729730E+001   0.78476864E-005
   0.30030030E+001   0.79141308E-005
   0.30330330E+001   0.79853049E-005
   0.30630631E+001   0.80618572E-005
   0.30930931E+001   0.81444990E-005
   0.31231231E+001   0.82340194E-005
   0.31531532E+001   0.83313060E-005
   0.31831832E+001   0.84373733E-005
   0.32132132E+001   0.85533991E-005
   0.32432432E+001   0.86807695E-005
   0.32732733E+001   0.88211448E-005
   0.33033033E+001   0.89765542E-005
   0.33333333E+001   0.91495124E-005
   0.33633634E+001   0.93431746E-005
   0.33933934E+001   0.95615275E-005
   0.34234234E+001   0.98094661E-005
   0.34534535E+001   0.10092469E-004
   0.34834835E+001   0.10415048E-004
   0.35135135E+001   0.10775962E-004
   0.35435435E+001   0.11160841E-004
   0.35735736E+001   0.11543830E-004
   0.36036036E+001   0.11916803E-004
   0.36336336E+001   0.12274336E-004
   0.36636637E+001   0.12692783E-004
   0.36936937E+001   0.13900680E-004
   0.37237237E+001   0.14786873E-004
   0.37537538E+001   0.14923679E-004
   0.37837838E+001   0.15091555E-004
   0.38138138E+001   0.15242815E-004
   0.38438438E+001   0.15379291E-004
   0.38738739E+001   0.15517769E-004
   0.39039039E+001   0.15680374E-004
   0.39339339E+001   0.15864639E-004
   0.39639640E+001   0.16054169E-004
   0.39939940E+001   0.16261790E-004
   0.40240240E+001   0.16514056E-004
   0.40540541E+001   0.16846459E-004
   0.40840841E+001   0.17322445E-004
   0.41141141E+001   0.18071301E-004
   0.41441441E+001   0.19158413E-004
   0.41741742E+001   0.19972039E-004
   0.42042042E+001   0.21061465E-004
   0.42342342E+001   0.21341622E-004
   0.42642643E+001   0.18304029E-004
   0.42942943E+001   0.16490197E-004
   0.43243243E+001   0.15756067E-004
   0.43543544E+001   0.15274272E-004
   0.43843844E+001   0.14682223E-004
   0.44144144E+001   0.14133380E-004
   0.44444444E+001   0.13628843E-004
   0.44744745E+001   0.13162730E-004
   0.45045045E+001   0.12732737E-004
   0.45345345E+001   0.12334719E-004
   0.45645646E+001   0.11965568E-004
   0.45945946E+001   0.11623144E-004
   0.46246246E+001   0.11305674E-004
   0.46546547E+001   0.11011569E-004
   0.46846847E+001   0.10739393E-004
   0.47147147E+001   0.10487703E-004
   0.47447447E+001   0.10255072E-004
   0.47747748E+001   0.10040213E-004
   0.48048048E+001   0.98421256E-005
   0.48348348E+001   0.96602144E-005
   0.48648649E+001   0.94944640E-005
   0.48948949E+001   0.93458865E-005
   0.49249249E+001   0.92179151E-005
   0.49549550E+001   0.91214000E-005
   0.49849850E+001   0.91046630E-005
   0.50150150E+001   0.90201813E-005
   0.50450450E+001   0.87411174E-005
   0.50750751E+001   0.85000321E-005
   0.51051051E+001   0.82796826E-005
   0.51351351E+001   0.80747074E-005
   0.51651652E+001   0.78825475E-005
   0.51951952E+001   0.77014348E-005
   0.52252252E+001   0.75300256E-005
   0.52552553E+001   0.73672596E-005
   0.52852853E+001   0.72123007E-005
   0.53153153E+001   0.70644807E-005
   0.53453453E+001   0.69232175E-005
   0.53753754E+001   0.67879162E-005
   0.54054054E+001   0.66579715E-005
   0.54354354E+001   0.65329168E-005
   0.54654655E+001   0.64125785E-005
   0.54954955E+001   0.62970762E-005
   0.55255255E+001   0.61869152E-005
   0.55555556E+001   0.60840653E-005
   0.55855856E+001   0.59939671E-005
   0.56156156E+001   0.59288932E-005
   0.56456456E+001   0.58976729E-005
   0.56756757E+001   0.58549430E-005
   0.57057057E+001   0.57691553E-005
   0.57357357E+001   0.61000876E-005
   0.57657658E+001   0.58883735E-005
   0.57957958E+001   0.55120077E-005
   0.58258258E+001   0.53979039E-005
   0.58558559E+001   0.52915899E-005
   0.58858859E+001   0.51855350E-005
   0.59159159E+001   0.50819784E-005
   0.59459459E+001   0.49813321E-005
   0.59759760E+001   0.48835386E-005
   0.60060060E+001   0.47883468E-005
   0.60360360E+001   0.46953370E-005
   0.60660661E+001   0.46039786E-005
   0.60960961E+001   0.45136771E-005
   0.61261261E+001   0.44237499E-005
   0.61561562E+001   0.43333685E-005
   0.61861862E+001   0.42415432E-005
   0.62162162E+001   0.41472379E-005
   0.62462462E+001   0.40497706E-005
   0.62762763E+001   0.39496159E-005
   0.63063063E+001   0.38488874E-005
   0.63363363E+001   0.37461810E-005
   0.63663664E+001   0.36543403E-005
   0.63963964E+001   0.35814598E-005
   0.64264264E+001   0.35254379E-005
   0.64564565E+001   0.34796785E-005
   0.64864865E+001   0.34380750E-005
   0.65165165E+001   0.33978742E-005
   0.65465465E+001   0.33577480E-005
   0.65765766E+001   0.33167931E-005
   0.66066066E+001   0.32744020E-005
   0.66366366E+001   0.32301837E-005
   0.66666667E+001   0.31839156E-005
   0.66966967E+001   0.31354828E-005
   0.67267267E+001   0.30848935E-005
   0.67567568E+001   0.30322842E-005
   0.67867868E+001   0.29778893E-005
   0.68168168E+001   0.29220286E-005
   0.68468468E+001   0.28650970E-005
   0.68768769E+001   0.28075320E-005
   0.69069069E+001   0.27497933E-005
   0.69369369E+001   0.26923798E-005
   0.69669670E+001   0.26358508E-005
   0.69969970E+001   0.25808039E-005
   0.70270270E+001   0.25278134E-005
   0.70570571E+001   0.24773716E-005
   0.70870871E+001   0.24298486E-005
   0.71171171E+001   0.23854600E-005
   0.71471471E+001   0.23442635E-005
   0.71771772E+001   0.23061695E-005
   0.72072072E+001   0.22709233E-005
   0.72372372E+001   0.22381439E-005
   0.72672673E+001   0.22074369E-005
   0.72972973E+001   0.21784471E-005
   0.73273273E+001   0.21508400E-005
   0.73573574E+001   0.21242988E-005
   0.73873874E+001   0.20985244E-005
   0.74174174E+001   0.20732219E-005
   0.74474474E+001   0.20481011E-005
   0.74774775E+001   0.20228958E-005
   0.75075075E+001   0.19973758E-005
   0.75375375E+001   0.19713438E-005
   0.75675676E+001   0.19446146E-005
   0.75975976E+001   0.19169678E-005
   0.76276276E+001   0.18882391E-005
   0.76576577E+001   0.18597046E-005
   0.76876877E+001   0.18320557E-005
   0.77177177E+001   0.18038652E-005
   0.77477477E+001   0.17747567E-005
   0.77777778E+001   0.17447789E-005
   0.78078078E+001   0.17145110E-005
   0.78378378E+001   0.16852387E-005
   0.78678679E+001   0.16565554E-005
   0.78978979E+001   0.16279887E-005
   0.79279279E+001   0.15995128E-005
   0.79579580E+001   0.15713070E-005
   0.79879880E+001   0.15435978E-005
   0.80180180E+001   0.15168587E-005
   0.80480480E+001   0.14908691E-005
   0.80780781E+001   0.14633847E-005
   0.81081081E+001   0.14372677E-005
   0.81381381E+001   0.13993950E-005
   0.81681682E+001   0.13647137E-005
   0.81981982E+001   0.13382494E-005
   0.82282282E+001   0.13179783E-005
   0.82582583E+001   0.13028543E-005
   0.82882883E+001   0.12922658E-005
   0.83183183E+001   0.12841732E-005
   0.83483483E+001   0.12766707E-005
   0.83783784E+001   0.12688821E-005
   0.84084084E+001   0.12647933E-005
   0.84384384E+001   0.12687204E-005
   0.84684685E+001   0.12792995E-005
   0.84984985E+001   0.12937595E-005
   0.85285285E+001   0.13074230E-005
   0.85585586E+001   0.13173290E-005
   0.85885886E+001   0.13178402E-005
   0.86186186E+001   0.13000570E-005
   0.86486486E+001   0.12661305E-005
   0.86786787E+001   0.12264506E-005
   0.87087087E+001   0.11822561E-005
   0.87387387E+001   0.11512248E-005
   0.87687688E+001   0.11273182E-005
   0.87987988E+001   0.11043899E-005
   0.88288288E+001   0.10808868E-005
   0.88588589E+001   0.10609649E-005
   0.88888889E+001   0.10330423E-005
   0.89189189E+001   0.10216370E-005
   0.89489489E+001   0.10212637E-005
   0.89789790E+001   0.10195123E-005
   0.90090090E+001   0.10235881E-005
   0.90390390E+001   0.10431706E-005
   0.90690691E+001   0.10634778E-005
   0.90990991E+001   0.10638702E-005
   0.91291291E+001   0.10505378E-005
   0.91591592E+001   0.10373985E-005
   0.91891892E+001   0.10243310E-005
   0.92192192E+001   0.10115407E-005
   0.92492492E+001   0.99865696E-006
   0.92792793E+001   0.98561212E-006
   0.93093093E+001   0.97239642E-006
   0.93393393E+001   0.95897767E-006
   0.93693694E+001   0.94536055E-006
   0.93993994E+001   0.93158054E-006
   0.94294294E+001   0.91767184E-006
   0.94594595E+001   0.90365096E-006
   0.94894895E+001   0.88951954E-006
   0.95195195E+001   0.87526940E-006
   0.95495495E+001   0.86087643E-006
   0.95795796E+001   0.84629990E-006
   0.96096096E+001   0.83150019E-006
   0.96396396E+001   0.81643529E-006
   0.96696697E+001   0.80101722E-006
   0.96996997E+001   0.78511520E-006
   0.97297297E+001   0.76863398E-006
   0.97597598E+001   0.75146899E-006
   0.97897898E+001   0.73342023E-006
   0.98198198E+001   0.71427200E-006
   0.98498498E+001   0.69291644E-006
   0.98798799E+001   0.66707276E-006
   0.99099099E+001   0.60575315E-006
   0.99399399E+001   0.51741861E-006
   0.99699700E+001   0.44958886E-006
   0.10000000E+002   0.39643308E-006
