   0.00000000E+000   0.38444584E-010
   0.30030030E-001   0.43241746E-010
   0.60060060E-001   0.58523332E-010
   0.90090090E-001   0.87067383E-010
   0.12012012E+000   0.13389872E-009
   0.15015015E+000   0.20703409E-009
   0.18018018E+000   0.31894349E-009
   0.21021021E+000   0.48942951E-009
   0.24024024E+000   0.75120070E-009
   0.27027027E+000   0.11598983E-008
   0.30030030E+000   0.18096319E-008
   0.33033033E+000   0.28511004E-008
   0.36036036E+000   0.45004442E-008
   0.39039039E+000   0.70158223E-008
   0.42042042E+000   0.10616445E-007
   0.45045045E+000   0.15341277E-007
   0.48048048E+000   0.20895541E-007
   0.51051051E+000   0.26584009E-007
   0.54054054E+000   0.31426223E-007
   0.57057057E+000   0.34457560E-007
   0.60060060E+000   0.35085852E-007
   0.63063063E+000   0.33305306E-007
   0.66066066E+000   0.29643996E-007
   0.69069069E+000   0.24891781E-007
   0.72072072E+000   0.19784719E-007
   0.75075075E+000   0.14812997E-007
   0.78078078E+000   0.10202755E-007
   0.81081081E+000   0.60086721E-008
   0.84084084E+000   0.22210948E-008
   0.87087087E+000  -0.11702614E-008
   0.90090090E+000  -0.41606004E-008
   0.93093093E+000  -0.67392874E-008
   0.96096096E+000  -0.89019606E-008
   0.99099099E+000  -0.10655935E-007
   0.10210210E+001  -0.12019177E-007
   0.10510511E+001  -0.13016511E-007
   0.10810811E+001  -0.13675935E-007
   0.11111111E+001  -0.14026187E-007
   0.11411411E+001  -0.14095439E-007
   0.11711712E+001  -0.13910649E-007
   0.12012012E+001  -0.13497155E-007
   0.12312312E+001  -0.12878292E-007
   0.12612613E+001  -0.12074998E-007
   0.12912913E+001  -0.11105368E-007
   0.13213213E+001  -0.99841941E-008
   0.13513514E+001  -0.87225240E-008
   0.13813814E+001  -0.73273449E-008
   0.14114114E+001  -0.58015668E-008
   0.14414414E+001  -0.41443062E-008
   0.14714715E+001  -0.23510500E-008
   0.15015015E+001  -0.41280826E-009
   0.15315315E+001   0.16864831E-008
   0.15615616E+001   0.39737023E-008
   0.15915916E+001   0.64888762E-008
   0.16216216E+001   0.92832655E-008
   0.16516517E+001   0.12413399E-007
   0.16816817E+001   0.15935263E-007
   0.17117117E+001   0.19902584E-007
   0.17417417E+001   0.24368580E-007
   0.17717718E+001   0.29388047E-007
   0.18018018E+001   0.35012663E-007
   0.18318318E+001   0.41275183E-007
   0.18618619E+001   0.48166965E-007
   0.18918919E+001   0.55602977E-007
   0.19219219E+001   0.63390040E-007
   0.19519520E+001   0.71212760E-007
   0.19819820E+001   0.78732772E-007
   0.20120120E+001   0.86044605E-007
   0.20420420E+001   0.95068762E-007
   0.20720721E+001   0.11454587E-006
   0.21021021E+001   0.15053942E-006
   0.21321321E+001   0.91982975E-007
   0.21621622E+001   0.29093412E-006
   0.21921922E+001   0.28814955E-006
   0.22222222E+001   0.27225770E-006
   0.22522523E+001   0.24832349E-006
   0.22822823E+001   0.22515333E-006
   0.23123123E+001   0.20316476E-006
   0.23423423E+001   0.18194728E-006
   0.23723724E+001   0.16222870E-006
   0.24024024E+001   0.14467152E-006
   0.24324324E+001   0.12943961E-006
   0.24624625E+001   0.11639339E-006
   0.24924925E+001   0.10531583E-006
   0.25225225E+001   0.96002639E-007
   0.25525526E+001   0.88271527E-007
   0.25825826E+001   0.81949482E-007
   0.26126126E+001   0.76862645E-007
   0.26426426E+001   0.72834895E-007
   0.26726727E+001   0.69693680E-007
   0.27027027E+001   0.67278155E-007
   0.27327327E+001   0.65444989E-007
   0.27627628E+001   0.64070061E-007
   0.27927928E+001   0.63046960E-007
   0.28228228E+001   0.62284159E-007
   0.28528529E+001   0.61702269E-007
   0.28828829E+001   0.61231817E-007
   0.29129129E+001   0.60811475E-007
   0.29429429E+001   0.60386416E-007
   0.29729730E+001   0.59906656E-007
   0.30030030E+001   0.59325348E-007
   0.30330330E+001   0.58597106E-007
   0.30630631E+001   0.57676447E-007
   0.30930931E+001   0.56516416E-007
   0.31231231E+001   0.55067379E-007
   0.31531532E+001   0.53275944E-007
   0.31831832E+001   0.51083949E-007
   0.32132132E+001   0.48427324E-007
   0.32432432E+001   0.45234401E-007
   0.32732733E+001   0.41423001E-007
   0.33033033E+001   0.36895738E-007
   0.33333333E+001   0.31532653E-007
   0.33633634E+001   0.25179521E-007
   0.33933934E+001   0.17631200E-007
   0.34234234E+001   0.86104712E-008
   0.34534535E+001  -0.22288984E-008
   0.34834835E+001  -0.15196028E-007
   0.35135135E+001  -0.30213411E-007
   0.35435435E+001  -0.45663106E-007
   0.35735736E+001  -0.56582314E-007
   0.36036036E+001  -0.49015781E-007
   0.36336336E+001   0.92261496E-008
   0.36636637E+001   0.15418759E-006
   0.36936937E+001   0.46857991E-006
   0.37237237E+001   0.54274750E-006
   0.37537538E+001   0.60076459E-006
   0.37837838E+001   0.67619635E-006
   0.38138138E+001   0.75930565E-006
   0.38438438E+001   0.82959715E-006
   0.38738739E+001   0.87576636E-006
   0.39039039E+001   0.89730324E-006
   0.39339339E+001   0.89681265E-006
   0.39639640E+001   0.87656417E-006
   0.39939940E+001   0.83910264E-006
   0.40240240E+001   0.78767821E-006
   0.40540541E+001   0.72538093E-006
   0.40840841E+001   0.65530491E-006
   0.41141141E+001   0.58151954E-006
   0.41441441E+001   0.51478849E-006
   0.41741742E+001   0.50833130E-006
   0.42042042E+001   0.55422008E-006
   0.42342342E+001   0.72238374E-006
   0.42642643E+001   0.72339288E-006
   0.42942943E+001   0.55436311E-006
   0.43243243E+001   0.48967534E-006
   0.43543544E+001   0.46026042E-006
   0.43843844E+001   0.43334609E-006
   0.44144144E+001   0.40581211E-006
   0.44444444E+001   0.37516744E-006
   0.44744745E+001   0.34133865E-006
   0.45045045E+001   0.30418944E-006
   0.45345345E+001   0.26410900E-006
   0.45645646E+001   0.22207939E-006
   0.45945946E+001   0.17962531E-006
   0.46246246E+001   0.13881172E-006
   0.46546547E+001   0.10180753E-006
   0.46846847E+001   0.70305455E-007
   0.47147147E+001   0.44882503E-007
   0.47447447E+001   0.25082499E-007
   0.47747748E+001   0.98276476E-008
   0.48048048E+001  -0.22003456E-008
   0.48348348E+001  -0.12343701E-007
   0.48648649E+001  -0.21894891E-007
   0.48948949E+001  -0.32153545E-007
   0.49249249E+001  -0.44728588E-007
   0.49549550E+001  -0.62681249E-007
   0.49849850E+001  -0.94765945E-007
   0.50150150E+001  -0.14564484E-006
   0.50450450E+001  -0.10901357E-006
   0.50750751E+001  -0.57672942E-007
   0.51051051E+001  -0.18410398E-007
   0.51351351E+001   0.10213746E-007
   0.51651652E+001   0.30986533E-007
   0.51951952E+001   0.45994253E-007
   0.52252252E+001   0.56725064E-007
   0.52552553E+001   0.64249860E-007
   0.52852853E+001   0.69344106E-007
   0.53153153E+001   0.72581708E-007
   0.53453453E+001   0.74404000E-007
   0.53753754E+001   0.75144793E-007
   0.54054054E+001   0.75012554E-007
   0.54354354E+001   0.74180259E-007
   0.54654655E+001   0.73172236E-007
   0.54954955E+001   0.72933418E-007
   0.55255255E+001   0.73880891E-007
   0.55555556E+001   0.76489287E-007
   0.55855856E+001   0.83355674E-007
   0.56156156E+001   0.97746421E-007
   0.56456456E+001   0.13505318E-006
   0.56756757E+001   0.21209105E-006
   0.57057057E+001   0.34300154E-006
   0.57357357E+001   0.21502930E-006
   0.57657658E+001   0.36620334E-006
   0.57957958E+001   0.84358325E-007
   0.58258258E+001   0.56324294E-007
   0.58558559E+001   0.43160112E-007
   0.58858859E+001   0.33197743E-007
   0.59159159E+001   0.26000539E-007
   0.59459459E+001   0.21092774E-007
   0.59759760E+001   0.17775313E-007
   0.60060060E+001   0.15653862E-007
   0.60360360E+001   0.14502731E-007
   0.60660661E+001   0.14117120E-007
   0.60960961E+001   0.14314370E-007
   0.61261261E+001   0.14962757E-007
   0.61561562E+001   0.15986929E-007
   0.61861862E+001   0.17374481E-007
   0.62162162E+001   0.19203265E-007
   0.62462462E+001   0.21655606E-007
   0.62762763E+001   0.24882361E-007
   0.63063063E+001   0.28558746E-007
   0.63363363E+001   0.30996928E-007
   0.63663664E+001   0.32236886E-007
   0.63963964E+001   0.32319119E-007
   0.64264264E+001   0.31190620E-007
   0.64564565E+001   0.29251546E-007
   0.64864865E+001   0.27237402E-007
   0.65165165E+001   0.25625157E-007
   0.65465465E+001   0.24493692E-007
   0.65765766E+001   0.23775476E-007
   0.66066066E+001   0.23382164E-007
   0.66366366E+001   0.23246004E-007
   0.66666667E+001   0.23326687E-007
   0.66966967E+001   0.23606140E-007
   0.67267267E+001   0.24076432E-007
   0.67567568E+001   0.24724707E-007
   0.67867868E+001   0.25524795E-007
   0.68168168E+001   0.26434372E-007
   0.68468468E+001   0.27396197E-007
   0.68768769E+001   0.28344663E-007
   0.69069069E+001   0.29222934E-007
   0.69369369E+001   0.30012423E-007
   0.69669670E+001   0.30755321E-007
   0.69969970E+001   0.31540078E-007
   0.70270270E+001   0.32453488E-007
   0.70570571E+001   0.33537447E-007
   0.70870871E+001   0.34766821E-007
   0.71171171E+001   0.36053519E-007
   0.71471471E+001   0.37291756E-007
   0.71771772E+001   0.38393366E-007
   0.72072072E+001   0.39287685E-007
   0.72372372E+001   0.39936790E-007
   0.72672673E+001   0.40337802E-007
   0.72972973E+001   0.40499030E-007
   0.73273273E+001   0.40435140E-007
   0.73573574E+001   0.40166940E-007
   0.73873874E+001   0.39710988E-007
   0.74174174E+001   0.39078170E-007
   0.74474474E+001   0.38280245E-007
   0.74774775E+001   0.37330947E-007
   0.75075075E+001   0.36239690E-007
   0.75375375E+001   0.35000600E-007
   0.75675676E+001   0.33577362E-007
   0.75975976E+001   0.31884332E-007
   0.76276276E+001   0.29829104E-007
   0.76576577E+001   0.27907224E-007
   0.76876877E+001   0.26457550E-007
   0.77177177E+001   0.24916625E-007
   0.77477477E+001   0.23108219E-007
   0.77777778E+001   0.21038752E-007
   0.78078078E+001   0.18694723E-007
   0.78378378E+001   0.16303835E-007
   0.78678679E+001   0.13791161E-007
   0.78978979E+001   0.11207057E-007
   0.79279279E+001   0.86373063E-008
   0.79579580E+001   0.61589359E-008
   0.79879880E+001   0.38126950E-008
   0.80180180E+001   0.16294796E-008
   0.80480480E+001  -0.29789251E-009
   0.80780781E+001  -0.20926315E-008
   0.81081081E+001  -0.39677344E-008
   0.81381381E+001  -0.59564334E-008
   0.81681682E+001  -0.75942790E-008
   0.81981982E+001  -0.65387566E-008
   0.82282282E+001  -0.76197881E-008
   0.82582583E+001  -0.57623279E-008
   0.82882883E+001  -0.43178164E-008
   0.83183183E+001  -0.48182322E-008
   0.83483483E+001  -0.63355321E-008
   0.83783784E+001  -0.84539850E-008
   0.84084084E+001  -0.98542585E-008
   0.84384384E+001  -0.83971653E-008
   0.84684685E+001  -0.41630875E-008
   0.84984985E+001  -0.11204125E-008
   0.85285285E+001   0.12238860E-008
   0.85585586E+001   0.31902306E-008
   0.85885886E+001   0.73172421E-008
   0.86186186E+001   0.47684566E-008
   0.86486486E+001   0.32949871E-008
   0.86786787E+001   0.17133555E-008
   0.87087087E+001   0.97904874E-009
   0.87387387E+001   0.37521059E-010
   0.87687688E+001  -0.11306847E-008
   0.87987988E+001  -0.21790003E-008
   0.88288288E+001  -0.32662101E-008
   0.88588589E+001  -0.44766893E-008
   0.88888889E+001  -0.59058954E-008
   0.89189189E+001  -0.69384650E-008
   0.89489489E+001  -0.70773322E-008
   0.89789790E+001  -0.74441610E-008
   0.90090090E+001  -0.78199429E-008
   0.90390390E+001  -0.82798286E-008
   0.90690691E+001  -0.75469809E-008
   0.90990991E+001  -0.17302629E-008
   0.91291291E+001  -0.48774083E-009
   0.91591592E+001  -0.67695254E-009
   0.91891892E+001  -0.90040984E-009
   0.92192192E+001  -0.10199191E-008
   0.92492492E+001  -0.10557521E-008
   0.92792793E+001  -0.10580946E-008
   0.93093093E+001  -0.10247666E-008
   0.93393393E+001  -0.96186783E-009
   0.93693694E+001  -0.87753417E-009
   0.93993994E+001  -0.77721298E-009
   0.94294294E+001  -0.66782273E-009
   0.94594595E+001  -0.56170015E-009
   0.94894895E+001  -0.47858924E-009
   0.95195195E+001  -0.44427203E-009
   0.95495495E+001  -0.48513089E-009
   0.95795796E+001  -0.62106523E-009
   0.96096096E+001  -0.86225105E-009
   0.96396396E+001  -0.12138646E-008
   0.96696697E+001  -0.16832326E-008
   0.96996997E+001  -0.22760974E-008
   0.97297297E+001  -0.29836397E-008
   0.97597598E+001  -0.37938870E-008
   0.97897898E+001  -0.47313169E-008
   0.98198198E+001  -0.58297413E-008
   0.98498498E+001  -0.70904952E-008
   0.98798799E+001  -0.88455533E-008
   0.99099099E+001  -0.12404136E-007
   0.99399399E+001  -0.10290726E-007
   0.99699700E+001  -0.76129280E-008
   0.10000000E+002  -0.53475543E-008
