# omega (eV)     <Re(Eps)>     <Im(Eps)>
0.00000000    15.62784147    0.00000000
0.06012024    15.63161280    0.01259174
0.12024048    15.64294035    0.02522899
0.18036072    15.66186486    0.03795774
0.24048096    15.68845476    0.05082488
0.30060120    15.72280673    0.06387872
0.36072144    15.76504681    0.07716952
0.42084168    15.81533162    0.09075001
0.48096192    15.87385001    0.10467602
0.54108216    15.94082512    0.11900716
0.60120240    16.01651679    0.13380759
0.66132265    16.10122450    0.14914690
0.72144289    16.19529081    0.16510108
0.78156313    16.29910552    0.18175377
0.84168337    16.41311048    0.19919753
0.90180361    16.53780531    0.21753560
0.96192385    16.67375415    0.23688372
1.02204409    16.82159368    0.25737257
1.08216433    16.98204252    0.27915057
1.14228457    17.15591259    0.30238736
1.20240481    17.34412253    0.32727808
1.26252505    17.54771395    0.35404872
1.32264529    17.76787104    0.38296281
1.38276553    18.00594436    0.41432986
1.44288577    18.26348015    0.44851630
1.50300601    18.54225640    0.48595946
1.56312625    18.84432790    0.52718610
1.62324649    19.17208294    0.57283696
1.68336673    19.52831544    0.62369984
1.74348697    19.91631782    0.68075517
1.80360721    20.34000219    0.74523955
1.86372746    20.80406068    0.81873663
1.92384770    21.31418099    0.90330988
1.98396794    21.87734120    1.00170211
2.04408818    22.50222050    1.11764463
2.10420842    23.19978245    1.25635401
2.16432866    23.98411884    1.42536500
2.22444890    24.87368689    1.63599894
2.28456914    25.89311646    1.90611198
2.34468938    27.07568429    2.26560999
2.40480962    28.46563495    2.76836144
2.46492986    30.11375662    3.51893448
2.52505010    32.03145683    4.72012327
2.58517034    34.04832461    6.63944265
2.64529058    35.86083527    9.44316914
2.70541082    36.78595777    13.33663543
2.76553106    35.85855592    17.27147786
2.82565130    33.93169381    19.85715748
2.88577154    32.31104296    21.36890173
2.94589178    31.21197562    22.59684111
3.00601202    30.27884045    24.08018942
3.06613226    28.83786373    25.32268345
3.12625251    27.86681968    25.75365585
3.18637274    27.71867933    26.53999303
3.24649299    27.57067890    27.85717180
3.30661323    27.37433110    29.39078544
3.36673347    27.16335404    31.11196198
3.42685371    27.35790129    33.22641877
3.48697395    27.45320280    36.56296381
3.54709419    26.64812185    41.25140443
3.60721443    23.55792492    46.82693206
3.66733467    17.93822475    51.64523467
3.72745491    10.07379774    54.69785371
3.78757515    0.65991182    54.27633773
3.84769539    -7.11286022    49.33264271
3.90781563    -10.83764487    43.41641475
3.96793587    -12.89571098    38.18669462
4.02805611    -12.80791037    33.23234016
4.08817635    -11.64946901    30.68616507
4.14829659    -11.68355083    29.22177599
4.20841683    -12.21904559    27.21138650
4.26853707    -12.03318606    24.62303270
4.32865732    -10.49380350    22.73740678
4.38877755    -8.91586321    22.64279044
4.44889780    -8.68891505    23.64757530
4.50901804    -10.24471687    24.24418743
4.56913828    -12.28917734    23.07875433
4.62925852    -13.23858930    20.82756182
4.68937876    -12.96506389    18.80012363
4.74949900    -12.27127033    17.48611297
4.80961924    -11.52671542    16.85504683
4.86973948    -11.32776176    16.76198386
4.92985972    -11.74874897    16.40459807
4.98997996    -12.23846728    15.61700718
5.05010020    -12.58104490    14.41699468
5.11022044    -12.28853274    12.97888631
5.17034068    -11.43857975    12.06786309
5.23046092    -10.66058740    11.78297118
5.29058116    -10.27078422    11.91305411
5.35070140    -10.54909842    12.04705454
5.41082164    -11.17383714    11.54013653
5.47094188    -11.41471716    10.47853177
5.53106212    -11.05145941    9.45074222
5.59118236    -10.44301104    8.83509769
5.65130260    -9.91741417    8.55330842
5.71142285    -9.60073073    8.40686315
5.77154309    -9.37772669    8.25329684
5.83166333    -9.29475424    8.23467901
5.89178357    -9.56489453    8.00843693
5.95190381    -9.65788782    7.36270255
6.01202405    -9.37445476    6.74673608
6.07214429    -8.99003863    6.40568027
6.13226453    -8.72800351    6.17603531
6.19238477    -8.49538170    5.93143069
6.25250501    -8.22424245    5.74870942
6.31262525    -8.06549666    5.69321873
6.37274549    -8.09171605    5.51982601
6.43286573    -8.01643986    5.16272814
6.49298597    -7.76251180    4.84498570
6.55310621    -7.50138518    4.72881522
6.61322645    -7.41583794    4.60841432
6.67334669    -7.31450595    4.35722009
6.73346693    -7.07147516    4.11684339
6.79358717    -6.81427210    4.03840325
6.85370741    -6.70342289    4.01244153
6.91382766    -6.64707373    3.88342546
6.97394790    -6.54294814    3.72695497
7.03406814    -6.42145772    3.58032667
7.09418838    -6.30228706    3.45346394
7.15430862    -6.19225810    3.31319253
7.21442886    -6.05899166    3.16933386
7.27454910    -5.89291802    3.05347640
7.33466934    -5.75431857    3.00523181
7.39478958    -5.69127092    2.94515801
7.45490982    -5.62707934    2.81822020
7.51503006    -5.51501329    2.69202985
7.57515030    -5.40244908    2.58924181
7.63527054    -5.28333494    2.49015763
7.69539078    -5.15771835    2.41368469
7.75551102    -5.05174781    2.36073875
7.81563126    -4.97015443    2.31686387
7.87575150    -4.93637581    2.25475577
7.93587174    -4.89754267    2.12713756
7.99599198    -4.79799087    1.96849098
8.05611222    -4.62539215    1.84631250
8.11623246    -4.44148110    1.81466283
8.17635270    -4.32683585    1.83714846
8.23647295    -4.26690464    1.84512983
8.29659319    -4.25015132    1.83216833
8.35671343    -4.25222921    1.75479034
8.41683367    -4.20849524    1.62681632
8.47695391    -4.10752542    1.51147305
8.53707415    -3.98547191    1.42054708
8.59719439    -3.83560950    1.36828317
8.65731463    -3.70805394    1.38486390
8.71743487    -3.65314752    1.41581779
8.77755511    -3.64495809    1.40611553
8.83767535    -3.63870343    1.34432584
8.89779559    -3.59945517    1.24491486
8.95791583    -3.51096671    1.15217089
9.01803607    -3.40516607    1.09018645
9.07815631    -3.29693435    1.05357444
9.13827655    -3.19817527    1.04253598
9.19839679    -3.12170669    1.04833352
9.25851703    -3.07561651    1.05626342
9.31863728    -3.05519691    1.04105687
9.37875752    -3.03164287    0.99340783
9.43887776    -2.98487302    0.92790869
9.49899800    -2.90626708    0.86961511
9.55911824    -2.82071257    0.84149342
9.61923848    -2.74783152    0.82677898
9.67935872    -2.68286227    0.81803937
9.73947896    -2.62911956    0.81534901
9.79959920    -2.58882725    0.80912252
9.85971944    -2.55939048    0.79541083
9.91983968    -2.53076671    0.75938596
9.97995992    -2.47954736    0.71736326
10.04008016    -2.41781669    0.68999626
10.10020040    -2.35883312    0.67260600
10.16032064    -2.30359433    0.66450564
10.22044088    -2.26010236    0.65694603
10.28056112    -2.21573709    0.64725212
10.34068136    -2.17722633    0.64262149
10.40080160    -2.14759597    0.63645163
10.46092184    -2.12729325    0.62010250
10.52104208    -2.10063598    0.58689787
10.58116232    -2.05469444    0.55073169
10.64128256    -1.99543040    0.53128970
10.70140281    -1.94316991    0.53191877
10.76152305    -1.91107358    0.53792758
10.82164329    -1.89199520    0.53137775
10.88176353    -1.86919059    0.51213375
10.94188377    -1.84169346    0.49082849
11.00200401    -1.80956617    0.46677541
11.06212425    -1.77191893    0.44359797
11.12224449    -1.72959501    0.42562867
11.18236473    -1.68747885    0.41162513
11.24248497    -1.64306619    0.40518748
11.30260521    -1.60818437    0.40531197
11.36272545    -1.57828242    0.40279559
11.42284569    -1.55370308    0.40133263
11.48296593    -1.53606597    0.39146833
11.54308617    -1.51256722    0.37223652
11.60320641    -1.47894356    0.35456848
11.66332665    -1.44487901    0.34569544
11.72344689    -1.41413884    0.33606370
11.78356713    -1.37947278    0.32992567
11.84368738    -1.35025507    0.33202389
11.90380761    -1.33212706    0.33166221
11.96392786    -1.31479687    0.32245872
12.02404810    -1.29441352    0.31177779
12.08416834    -1.27518236    0.29942239
12.14428858    -1.25309637    0.28314973
12.20440882    -1.22719488    0.26609805
12.26452906    -1.19465447    0.24921528
12.32464930    -1.15728903    0.24152384
12.38476954    -1.12425813    0.24144198
12.44488978    -1.09714732    0.24621185
12.50501002    -1.08086559    0.24976719
12.56513026    -1.06805618    0.24386436
12.62525050    -1.05125432    0.23236431
12.68537074    -1.02958502    0.21945296
12.74549098    -1.00418298    0.20885999
12.80561122    -0.97791022    0.20090813
12.86573146    -0.95014340    0.19486974
12.92585170    -0.92235194    0.19412924
12.98597194    -0.89892251    0.19742918
13.04609218    -0.88254931    0.20125123
13.10621243    -0.87085078    0.19879780
13.16633267    -0.85686121    0.19002286
13.22645291    -0.83645980    0.18021378
13.28657315    -0.81379741    0.17524786
13.34669339    -0.79322646    0.17266701
13.40681363    -0.77381242    0.16998043
13.46693387    -0.75415351    0.16831552
13.52705411    -0.73659503    0.16875939
13.58717435    -0.72225428    0.16818738
13.64729459    -0.70949121    0.16515432
13.70741483    -0.69526978    0.15906972
13.76753507    -0.67896226    0.15305300
13.82765531    -0.66066431    0.14773420
13.88777555    -0.64190679    0.14516112
13.94789579    -0.62480568    0.14453506
14.00801603    -0.61000169    0.14337553
14.06813627    -0.59458302    0.14184702
14.12825651    -0.58096543    0.14150185
14.18837675    -0.56862142    0.13921113
14.24849699    -0.55516673    0.13593949
14.30861723    -0.54077834    0.13352724
14.36873747    -0.52728922    0.13274594
14.42885771    -0.51560373    0.13123550
14.48897796    -0.50328867    0.12982465
14.54909820    -0.49379047    0.12941238
14.60921844    -0.48619415    0.12526438
14.66933868    -0.47642565    0.11850470
14.72945892    -0.46407450    0.11152663
14.78957916    -0.44977301    0.10627399
14.84969940    -0.43630924    0.10393567
14.90981964    -0.42589758    0.10127792
14.96993988    -0.41585664    0.09584656
15.03006012    -0.40341545    0.08931575
15.09018036    -0.38964193    0.08428750
15.15030060    -0.37594351    0.08021400
15.21042084    -0.36234482    0.07707125
15.27054108    -0.34990449    0.07443982
15.33066132    -0.33781098    0.07095146
15.39078156    -0.32507372    0.06722027
15.45090180    -0.31157632    0.06411662
15.51102204    -0.29813670    0.06217887
15.57114229    -0.28545169    0.06138191
15.63126253    -0.27451180    0.06053597
15.69138277    -0.26389483    0.05850367
15.75150301    -0.25268774    0.05632467
15.81162325    -0.24154908    0.05449253
15.87174349    -0.23064571    0.05297360
15.93186373    -0.22040244    0.05137168
15.99198397    -0.21026239    0.04922591
16.05210421    -0.19981685    0.04685707
16.11222445    -0.18899694    0.04461900
16.17234469    -0.17792152    0.04285983
16.23246493    -0.16703538    0.04189928
16.29258517    -0.15714971    0.04144782
16.35270541    -0.14819923    0.04030424
16.41282565    -0.13910318    0.03836962
16.47294589    -0.12950575    0.03620847
16.53306613    -0.11939067    0.03432375
16.59318637    -0.10938933    0.03322027
16.65330661    -0.10002082    0.03216440
16.71342685    -0.09069391    0.03090238
16.77354709    -0.08138739    0.02983515
16.83366734    -0.07237868    0.02885226
16.89378758    -0.06343674    0.02772197
16.95390782    -0.05454251    0.02685352
17.01402806    -0.04609759    0.02594293
17.07414830    -0.03768301    0.02462985
17.13426854    -0.02890828    0.02339649
17.19438878    -0.02022697    0.02252996
17.25450902    -0.01184790    0.02179283
17.31462926    -0.00369129    0.02094166
17.37474950    0.00446868    0.01998358
17.43486974    0.01266683    0.01915184
17.49498998    0.02070287    0.01840868
17.55511022    0.02864513    0.01771053
17.61523046    0.03641763    0.01702085
17.67535070    0.04411724    0.01629495
17.73547094    0.05176262    0.01553990
17.79559118    0.05941612    0.01481181
17.85571142    0.06703533    0.01416102
17.91583166    0.07458198    0.01360784
17.97595190    0.08202413    0.01309554
18.03607214    0.08941010    0.01263888
18.09619238    0.09671040    0.01226491
18.15631263    0.10389754    0.01196514
18.21643287    0.11095710    0.01171428
18.27655311    0.11789567    0.01149345
18.33667335    0.12472182    0.01129316
18.39679359    0.13144046    0.01111074
18.45691383    0.13805472    0.01093923
18.51703407    0.14457304    0.01077551
18.57715431    0.15099911    0.01062025
18.63727455    0.15733550    0.01047205
18.69739479    0.16358526    0.01032961
18.75751503    0.16975130    0.01019208
18.81763527    0.17583628    0.01005887
18.87775551    0.18184258    0.00992955
18.93787575    0.18777238    0.00980378
18.99799599    0.19362771    0.00968128
19.05811623    0.19941043    0.00956182
19.11823647    0.20512230    0.00944520
19.17835671    0.21076495    0.00933125
19.23847695    0.21633993    0.00921982
19.29859719    0.22184873    0.00911080
19.35871743    0.22729272    0.00900405
19.41883767    0.23267326    0.00889948
19.47895792    0.23799160    0.00879699
19.53907816    0.24324898    0.00869650
19.59919840    0.24844657    0.00859792
19.65931864    0.25358549    0.00850119
19.71943888    0.25866683    0.00840625
19.77955912    0.26369164    0.00831302
19.83967936    0.26866093    0.00822145
19.89979960    0.27357569    0.00813149
19.95991984    0.27843686    0.00804309
20.02004008    0.28324536    0.00795619
20.08016032    0.28800209    0.00787076
20.14028056    0.29270791    0.00778675
20.20040080    0.29736366    0.00770413
20.26052104    0.30197017    0.00762285
20.32064128    0.30652822    0.00754288
20.38076152    0.31103860    0.00746418
20.44088176    0.31550206    0.00738673
20.50100200    0.31991934    0.00731049
20.56112224    0.32429115    0.00723542
20.62124248    0.32861820    0.00716151
20.68136272    0.33290117    0.00708873
20.74148297    0.33714072    0.00701704
20.80160321    0.34133751    0.00694642
20.86172345    0.34549218    0.00687686
20.92184369    0.34960535    0.00680832
20.98196393    0.35367763    0.00674078
21.04208417    0.35770960    0.00667422
21.10220441    0.36170187    0.00660862
21.16232465    0.36565499    0.00654396
21.22244489    0.36956953    0.00648022
21.28256513    0.37344602    0.00641738
21.34268537    0.37728502    0.00635542
21.40280561    0.38108703    0.00629433
21.46292585    0.38485258    0.00623408
21.52304609    0.38858217    0.00617467
21.58316633    0.39227629    0.00611606
21.64328657    0.39593542    0.00605825
21.70340681    0.39956005    0.00600123
21.76352705    0.40315063    0.00594497
21.82364730    0.40670763    0.00588947
21.88376754    0.41023148    0.00583470
21.94388778    0.41372264    0.00578066
22.00400802    0.41718153    0.00572733
22.06412826    0.42060858    0.00567470
22.12424850    0.42400419    0.00562275
22.18436874    0.42736879    0.00557148
22.24448898    0.43070277    0.00552087
22.30460922    0.43400652    0.00547091
22.36472946    0.43728043    0.00542158
22.42484970    0.44052489    0.00537289
22.48496994    0.44374026    0.00532481
22.54509018    0.44692691    0.00527733
22.60521042    0.45008521    0.00523045
22.66533066    0.45321550    0.00518416
22.72545090    0.45631814    0.00513844
22.78557114    0.45939347    0.00509328
22.84569138    0.46244182    0.00504868
22.90581162    0.46546353    0.00500463
22.96593186    0.46845893    0.00496111
23.02605210    0.47142832    0.00491813
23.08617235    0.47437203    0.00487566
23.14629259    0.47729038    0.00483371
23.20641283    0.48018365    0.00479226
23.26653307    0.48305216    0.00475130
23.32665331    0.48589619    0.00471083
23.38677355    0.48871605    0.00467084
23.44689379    0.49151201    0.00463133
23.50701403    0.49428435    0.00459227
23.56713427    0.49703336    0.00455368
23.62725451    0.49975931    0.00451553
23.68737475    0.50246246    0.00447783
23.74749499    0.50514308    0.00444057
23.80761523    0.50780143    0.00440373
23.86773547    0.51043777    0.00436732
23.92785571    0.51305234    0.00433132
23.98797595    0.51564540    0.00429574
24.04809619    0.51821719    0.00426056
24.10821643    0.52076795    0.00422578
24.16833667    0.52329793    0.00419139
24.22845691    0.52580735    0.00415738
24.28857715    0.52829644    0.00412376
24.34869739    0.53076543    0.00409051
24.40881763    0.53321456    0.00405763
24.46893788    0.53564402    0.00402512
24.52905812    0.53805405    0.00399297
24.58917836    0.54044486    0.00396117
24.64929860    0.54281666    0.00392971
24.70941884    0.54516966    0.00389861
24.76953908    0.54750406    0.00386784
24.82965932    0.54982006    0.00383740
24.88977956    0.55211787    0.00380729
24.94989980    0.55439767    0.00377751
25.01002004    0.55665967    0.00374805
25.07014028    0.55890406    0.00371890
25.13026052    0.56113102    0.00369007
25.19038076    0.56334074    0.00366154
25.25050100    0.56553340    0.00363332
25.31062124    0.56770918    0.00360539
25.37074148    0.56986827    0.00357775
25.43086172    0.57201083    0.00355041
25.49098196    0.57413704    0.00352336
25.55110220    0.57624707    0.00349658
25.61122244    0.57834109    0.00347009
25.67134268    0.58041927    0.00344387
25.73146293    0.58248177    0.00341792
25.79158317    0.58452874    0.00339224
25.85170341    0.58656036    0.00336682
25.91182365    0.58857678    0.00334166
25.97194389    0.59057816    0.00331676
26.03206413    0.59256464    0.00329211
26.09218437    0.59453638    0.00326772
26.15230461    0.59649354    0.00324357
26.21242485    0.59843624    0.00321966
26.27254509    0.60036465    0.00319600
26.33266533    0.60227891    0.00317257
26.39278557    0.60417915    0.00314938
26.45290581    0.60606552    0.00312641
26.51302605    0.60793816    0.00310368
26.57314629    0.60979720    0.00308117
26.63326653    0.61164277    0.00305889
26.69338677    0.61347502    0.00303682
26.75350701    0.61529407    0.00301497
26.81362726    0.61710004    0.00299334
26.87374749    0.61889308    0.00297192
26.93386773    0.62067330    0.00295070
26.99398798    0.62244083    0.00292969
27.05410822    0.62419579    0.00290889
27.11422846    0.62593831    0.00288829
27.17434870    0.62766850    0.00286788
27.23446894    0.62938649    0.00284767
27.29458918    0.63109238    0.00282766
27.35470942    0.63278630    0.00280784
27.41482966    0.63446837    0.00278820
27.47494990    0.63613868    0.00276876
27.53507014    0.63779736    0.00274949
27.59519038    0.63944452    0.00273041
27.65531062    0.64108026    0.00271151
27.71543086    0.64270469    0.00269279
27.77555110    0.64431792    0.00267424
27.83567134    0.64592006    0.00265587
27.89579158    0.64751120    0.00263767
27.95591182    0.64909144    0.00261963
28.01603206    0.65066090    0.00260177
28.07615231    0.65221967    0.00258407
28.13627255    0.65376785    0.00256653
28.19639279    0.65530554    0.00254916
28.25651303    0.65683283    0.00253194
28.31663327    0.65834981    0.00251489
28.37675351    0.65985659    0.00249798
28.43687375    0.66135326    0.00248124
28.49699399    0.66283991    0.00246464
28.55711423    0.66431662    0.00244820
28.61723447    0.66578349    0.00243190
28.67735471    0.66724062    0.00241575
28.73747495    0.66868807    0.00239975
28.79759519    0.67012596    0.00238389
28.85771543    0.67155435    0.00236817
28.91783567    0.67297333    0.00235260
28.97795591    0.67438299    0.00233716
29.03807615    0.67578341    0.00232186
29.09819639    0.67717468    0.00230669
29.15831663    0.67855687    0.00229166
29.21843687    0.67993006    0.00227676
29.27855711    0.68129434    0.00226199
29.33867736    0.68264978    0.00224736
29.39879760    0.68399645    0.00223285
29.45891784    0.68533445    0.00221847
29.51903808    0.68666383    0.00220421
29.57915832    0.68798469    0.00219008
29.63927856    0.68929708    0.00217607
29.69939880    0.69060109    0.00216218
29.75951904    0.69189678    0.00214841
29.81963928    0.69318423    0.00213476
29.87975952    0.69446352    0.00212122
29.93987976    0.69573470    0.00210781
30.00000000    0.69699785    0.00209450

