# energy grid [eV]     epsr_x  epsr_y  epsr_z
#
    0.000000000   17.327297427   17.327287550   17.327323454
    0.060120240   17.331862227   17.331852348   17.331888264
    0.120240481   17.345574799   17.345564913   17.345600863
    0.180360721   17.368489853   17.368479956   17.368515964
    0.240480962   17.400699253   17.400689341   17.400725430
    0.300601202   17.442333046   17.442323114   17.442359308
    0.360721443   17.493560937   17.493550981   17.493587304
    0.420841683   17.554594247   17.554584262   17.554620739
    0.480961924   17.625688392   17.625678375   17.625715031
    0.541082164   17.707145953   17.707135900   17.707172761
    0.601202405   17.799320403   17.799310311   17.799347404
    0.661322645   17.902620596   17.902610462   17.902647815
    0.721442886   18.017516132   18.017505954   18.017543596
    0.781563126   18.144543756   18.144533530   18.144571493
    0.841683367   18.284314966   18.284304692   18.284343006
    0.901803607   18.437525085   18.437514761   18.437553460
    0.961923848   18.604964065   18.604953692   18.604992812
    1.022044088   18.787529427   18.787519006   18.787558586
    1.082164329   18.986241785   18.986231319   18.986271398
    1.142284569   19.202263571   19.202253065   19.202293687
    1.202404810   19.436921749   19.436911209   19.436952420
    1.262525050   19.691735525   19.691724962   19.691766812
    1.322645291   19.968450399   19.968439827   19.968482370
    1.382765531   20.269080331   20.269069767   20.269113063
    1.442885772   20.595960399   20.595949868   20.595993981
    1.503006012   20.951813185   20.951802720   20.951847720
    1.563126253   21.339833338   21.339822981   21.339868948
    1.623246493   21.763796497   21.763786304   21.763833325
    1.683366733   22.228201359   22.228191404   22.228239577
    1.743486974   22.738457466   22.738447847   22.738497283
    1.803607214   23.301137134   23.301127980   23.301178805
    1.863727455   23.924318869   23.924310356   23.924362715
    1.923847695   24.618063721   24.618056085   24.618110145
    1.983967936   25.395088455   25.395082021   25.395137980
    2.044088176   26.271735799   26.271731021   26.271789113
    2.104208417   27.269401181   27.269398701   27.269459211
    2.164328657   28.416670635   28.416671376   28.416734653
    2.224448898   29.752568749   29.752574062   29.752640545
    2.284569138   31.331487160   31.331499044   31.331569296
    2.344689379   33.230323433   33.230344831   33.230419594
    2.404809619   35.556715462   35.556750454   35.556830731
    2.464929860   38.446500733   38.446553359   38.446640535
    2.525050100   41.977042673   41.977107078   41.977203104
    2.585170341   45.584045331   45.584047909   45.584155501
    2.645290581   45.352089194   45.351684570   45.351805075
    2.705410822   33.022171456   33.021178450   33.021275722
    2.765531062   17.673089369   17.672546487   17.672556662
    2.825651303   14.567430571   14.567548726   14.567540711
    2.885771543   18.704575008   18.704833529   18.704834885
    2.945891784   24.129908439   24.130147495   24.130157885
    3.006012024   29.704687249   29.704893444   29.704909587
    3.066132265   35.576201056   35.576386736   35.576406006
    3.126252505   42.027332415   42.027519808   42.027545918
    3.186372745   48.748750383   48.749000092   48.749071686
    3.246492986   53.037741693   53.038161339   53.038378211
    3.306613226   54.068931732   54.069156582   54.069312824
    3.366733467   56.319813616   56.319460439   56.319568421
    3.426853707   46.990554222   46.989626173   46.990230530
    3.486973948   19.451622657   19.451052248   19.451799808
    3.547094188   -8.209710004   -8.209753920   -8.209472164
    3.607214429  -15.433912381  -15.433907901  -15.433932466
    3.667334669  -20.616593109  -20.616620363  -20.616380592
    3.727454910  -39.162691533  -39.162736766  -39.162562858
    3.787575150  -44.589939970  -44.589870886  -44.590144743
    3.847695391  -38.163282890  -38.163191040  -38.163548414
    3.907815631  -30.538621431  -30.538541779  -30.538850132
    3.967935872  -24.679271605  -24.679186258  -24.679438534
    4.028056112  -20.624505082  -20.624434402  -20.624660336
    4.088176353  -16.678376225  -16.678322571  -16.678531814
    4.148296593  -12.648370784  -12.648329115  -12.648513475
    4.208416834   -8.808413653   -8.808387405   -8.808546237
    4.268537074   -5.250953209   -5.250942875   -5.251076532
    4.328657315   -1.921426244   -1.921417697   -1.921522887
    4.388777555    0.924852751    0.924905233    0.924846444
    4.448897796    1.059398152    1.059543802    1.059533088
    4.509018036   -2.059130139   -2.059077432   -2.059177695
    4.569138277   -5.811045879   -5.811045872   -5.811182220
    4.629258517   -5.902097737   -5.902096133   -5.902221722
    4.689378758   -3.427354213   -3.427378339   -3.427517558
    4.749498998   -2.956389403   -2.956499126   -2.956727787
    4.809619238   -5.819484132   -5.819522015   -5.819792306
    4.869739479   -6.316106007   -6.316019970   -6.316231509
    4.929859719   -7.182586820   -7.182444262   -7.182593325
    4.989979960   -7.343306562   -7.343187647   -7.343307276
    5.050100200   -6.330433388   -6.330370867   -6.330488642
    5.110220441   -4.380704617   -4.380619582   -4.380701699
    5.170340681   -1.017225965   -1.017125522   -1.017191970
    5.230460922    2.428460863    2.428566193    2.428484385
    5.290581162    3.042043945    3.042166092    3.042001812
    5.350701403   -1.851840411   -1.851764756   -1.851997064
    5.410821643   -6.771666705   -6.771694763   -6.771918207
    5.470941884  -11.252740484  -11.252801357  -11.253012488
    5.531062124  -13.723601508  -13.723549081  -13.723723455
    5.591182365  -13.114997237  -13.114885059  -13.115049733
    5.651302605  -11.712450854  -11.712318154  -11.712489632
    5.711422846  -11.897758463  -11.897586804  -11.897747961
    5.771543086  -13.192576155  -13.192393666  -13.192479928
    5.831663327  -13.567095557  -13.566941639  -13.567003096
    5.891783567  -11.969819606  -11.969647946  -11.969712356
    5.951903808  -11.046565661  -11.046401744  -11.046449367
    6.012024048  -11.370331607  -11.370251461  -11.370305468
    6.072144289  -11.356876685  -11.356853022  -11.356893649
    6.132264529  -11.524881218  -11.524870516  -11.524884253
    6.192384770  -12.747718963  -12.747738057  -12.747727387
    6.252505010  -12.852443818  -12.852505884  -12.852475511
    6.312625251  -11.762328210  -11.762394444  -11.762375587
    6.372745491  -11.153391697  -11.153449520  -11.153446857
    6.432865731  -11.196932246  -11.196987146  -11.196961882
    6.492985972  -10.690524239  -10.690587563  -10.690550535
    6.553106212   -9.701934977   -9.701999601   -9.701971488
    6.613226453   -8.664251961   -8.664314314   -8.664298794
    6.673346693   -7.680565066   -7.680626906   -7.680623123
    6.733466934   -6.756852349   -6.756914966   -6.756922218
    6.793587174   -6.015847248   -6.015902492   -6.015922800
    6.853707415   -5.979580603   -5.979589128   -5.979634446
    6.913827655   -6.750423312   -6.750366584   -6.750431758
    6.973947896   -6.857652448   -6.857601093   -6.857648848
    7.034068136   -6.185790785   -6.185746884   -6.185796561
    7.094188377   -5.355259410   -5.355218376   -5.355284008
    7.154308617   -4.678392715   -4.678365884   -4.678449829
    7.214428858   -4.677311850   -4.677326727   -4.677406496
    7.274549098   -5.321354495   -5.321402719   -5.321429912
    7.334669339   -5.566457689   -5.566507561   -5.566509556
    7.394789579   -5.489732226   -5.489794566   -5.489815380
    7.454909820   -4.996406768   -4.996490505   -4.996529356
    7.515030060   -4.774018244   -4.774129526   -4.774113717
    7.575150301   -5.227235427   -5.227286638   -5.227154821
    7.635270541   -5.240350648   -5.240319465   -5.240166488
    7.695390782   -4.856170810   -4.856120787   -4.855987119
    7.755511022   -4.552866217   -4.552794816   -4.552685691
    7.815631263   -4.409181440   -4.409095466   -4.409016473
    7.875751503   -4.212375812   -4.212298369   -4.212227563
    7.935871743   -4.103128058   -4.103071586   -4.102991137
    7.995991984   -3.828085314   -3.828047769   -3.827961942
    8.056112224   -3.249102530   -3.249072281   -3.248990490
    8.116232465   -2.658697248   -2.658668483   -2.658595005
    8.176352705   -2.491692300   -2.491660695   -2.491608062
    8.236472946   -2.973336962   -2.973308244   -2.973276581
    8.296593186   -3.763396576   -3.763343682   -3.763292328
    8.356713427   -4.531085801   -4.530997290   -4.530940919
    8.416833667   -4.437921257   -4.437822824   -4.437773875
    8.476953908   -4.258320888   -4.258235814   -4.258203350
    8.537074148   -4.192350042   -4.192307518   -4.192304470
    8.597194389   -4.140095524   -4.140079410   -4.140079707
    8.657314629   -4.216187142   -4.216170286   -4.216162073
    8.717434870   -4.126003175   -4.125984020   -4.125981120
    8.777555110   -3.906397848   -3.906381805   -3.906386017
    8.837675351   -3.757616713   -3.757603615   -3.757580562
    8.897795591   -3.740503356   -3.740480651   -3.740430438
    8.957915832   -3.605290194   -3.605259048   -3.605202435
    9.018036072   -3.256877983   -3.256844817   -3.256787833
    9.078156313   -2.819861288   -2.819824538   -2.819769850
    9.138276553   -2.413168123   -2.413126811   -2.413074866
    9.198396794   -2.275049631   -2.275002924   -2.274959061
    9.258517034   -2.536465471   -2.536409238   -2.536388429
    9.318637275   -2.736486721   -2.736425549   -2.736434082
    9.378757515   -2.827288292   -2.827218457   -2.827238953
    9.438877756   -3.033314605   -3.033243514   -3.033258387
    9.498997996   -3.457681848   -3.457658870   -3.457644816
    9.559118236   -3.794044656   -3.794091607   -3.794042989
    9.619238477   -3.825602934   -3.825672527   -3.825624990
    9.679358717   -3.700380678   -3.700441042   -3.700416958
    9.739478958   -3.454484186   -3.454528724   -3.454519788
    9.799599198   -3.231901555   -3.231937934   -3.231929517
    9.859719439   -3.219030480   -3.219060067   -3.219039608
    9.919839679   -3.183322906   -3.183351032   -3.183318621
    9.979959920   -2.991507922   -2.991534004   -2.991501131
   10.040080160   -2.770030297   -2.770053565   -2.770023764
   10.100200401   -2.559523531   -2.559543711   -2.559517338
   10.160320641   -2.358841140   -2.358858773   -2.358835794
   10.220440882   -2.164812535   -2.164828721   -2.164809021
   10.280561122   -1.994134916   -1.994150528   -1.994131623
   10.340681363   -1.910919411   -1.910935018   -1.910906712
   10.400801603   -1.863546249   -1.863561740   -1.863520960
   10.460921844   -1.712966931   -1.712985278   -1.712945539
   10.521042084   -1.529910646   -1.529930983   -1.529896563
   10.581162325   -1.447638169   -1.447656976   -1.447631366
   10.641282565   -1.470806345   -1.470819934   -1.470799575
   10.701402806   -1.360567197   -1.360581428   -1.360558513
   10.761523046   -1.348264544   -1.348286154   -1.348260652
   10.821643287   -1.703130513   -1.703143747   -1.703114204
   10.881763527   -2.061904162   -2.061899522   -2.061866838
   10.941883768   -2.293958921   -2.293946367   -2.293924097
   11.002004008   -2.216165601   -2.216153380   -2.216139282
   11.062124248   -2.105007491   -2.104997009   -2.104977924
   11.122244489   -2.162758273   -2.162751333   -2.162722612
   11.182364729   -2.146228831   -2.146221012   -2.146190853
   11.242484970   -1.971492620   -1.971484342   -1.971454598
   11.302605210   -1.776341683   -1.776333863   -1.776303326
   11.362725451   -1.636869565   -1.636864839   -1.636832886
   11.422845691   -1.672785091   -1.672793614   -1.672763164
   11.482965932   -1.872375270   -1.872395860   -1.872370146
   11.543086172   -1.877249056   -1.877268795   -1.877246335
   11.603206413   -1.759330639   -1.759347392   -1.759328851
   11.663326653   -1.718271578   -1.718283749   -1.718266959
   11.723446894   -1.762716446   -1.762722756   -1.762702459
   11.783567134   -1.719645271   -1.719649450   -1.719629857
   11.843687375   -1.604103901   -1.604109127   -1.604093081
   11.903807615   -1.521884652   -1.521889643   -1.521884225
   11.963927856   -1.498090523   -1.498097068   -1.498099004
   12.024048096   -1.469566089   -1.469572987   -1.469585551
   12.084168337   -1.384738215   -1.384747027   -1.384765213
   12.144288577   -1.295182490   -1.295196033   -1.295197711
   12.204408818   -1.287872662   -1.287884164   -1.287846759
   12.264529058   -1.293517566   -1.293508936   -1.293472878
   12.324649299   -1.289184763   -1.289155474   -1.289141707
   12.384769539   -1.267720411   -1.267690717   -1.267683242
   12.444889780   -1.289110897   -1.289087786   -1.289075883
   12.505010020   -1.266181881   -1.266162572   -1.266147146
   12.565130261   -1.236504372   -1.236486145   -1.236471843
   12.625250501   -1.225541150   -1.225521358   -1.225514931
   12.685370741   -1.253921391   -1.253896501   -1.253891013
   12.745490982   -1.237590402   -1.237567927   -1.237561221
   12.805611222   -1.151936620   -1.151918444   -1.151912074
   12.865731463   -1.048694716   -1.048677806   -1.048675272
   12.925851703   -0.988317854   -0.988294358   -0.988299679
   12.985971944   -1.008768382   -1.008731770   -1.008749078
   13.046092184   -0.987952899   -0.987912456   -0.987936582
   13.106212425   -0.929588579   -0.929556878   -0.929571328
   13.166332665   -0.935995956   -0.935988410   -0.935952492
   13.226452906   -0.957291598   -0.957295009   -0.957215723
   13.286573146   -0.944240202   -0.944246715   -0.944163351
   13.346693387   -0.921326887   -0.921332853   -0.921255176
   13.406813627   -0.900867140   -0.900866612   -0.900794645
   13.466933868   -0.890309913   -0.890298494   -0.890235356
   13.527054108   -0.863530342   -0.863515552   -0.863463809
   13.587174349   -0.825863098   -0.825850186   -0.825806616
   13.647294589   -0.822135721   -0.822117843   -0.822085277
   13.707414830   -0.860893440   -0.860862115   -0.860844572
   13.767535070   -0.841061818   -0.841024145   -0.841010616
   13.827655311   -0.786332572   -0.786294872   -0.786279023
   13.887775551   -0.718668917   -0.718634530   -0.718612853
   13.947895792   -0.655799228   -0.655762695   -0.655738771
   14.008016032   -0.610301161   -0.610260141   -0.610237405
   14.068136273   -0.596697238   -0.596655952   -0.596634660
   14.128256513   -0.570254446   -0.570217001   -0.570195732
   14.188376754   -0.518751545   -0.518723011   -0.518695061
   14.248496994   -0.471320533   -0.471300445   -0.471268007
   14.308617234   -0.444946033   -0.444926811   -0.444898217
   14.368737475   -0.443603812   -0.443580251   -0.443554514
   14.428857715   -0.431572509   -0.431543882   -0.431519703
   14.488977956   -0.409454019   -0.409419363   -0.409397571
   14.549098196   -0.429846545   -0.429798062   -0.429780066
   14.609218437   -0.483532340   -0.483464157   -0.483448497
   14.669338677   -0.503164305   -0.503090034   -0.503067216
   14.729458918   -0.515318583   -0.515264367   -0.515227531
   14.789579158   -0.567009782   -0.566990935   -0.566950209
   14.849699399   -0.583977705   -0.583975030   -0.583937678
   14.909819639   -0.604954235   -0.604969977   -0.604939835
   14.969939880   -0.640119164   -0.640156167   -0.640121743
   15.030060120   -0.648179719   -0.648216117   -0.648179873
   15.090180361   -0.692805993   -0.692826466   -0.692793518
   15.150300601   -0.701875289   -0.701892815   -0.701857658
   15.210420842   -0.671707864   -0.671727899   -0.671688120
   15.270541082   -0.644500004   -0.644514477   -0.644480228
   15.330661323   -0.624450306   -0.624442646   -0.624434109
   15.390781563   -0.592783493   -0.592758545   -0.592768262
   15.450901804   -0.563102499   -0.563071819   -0.563082636
   15.511022044   -0.545275725   -0.545248438   -0.545247169
   15.571142285   -0.526789241   -0.526770011   -0.526758045
   15.631262525   -0.527559479   -0.527544085   -0.527532183
   15.691382766   -0.523107272   -0.523087845   -0.523075712
   15.751503006   -0.510850297   -0.510821617   -0.510804599
   15.811623246   -0.485098754   -0.485065177   -0.485041003
   15.871743487   -0.445732561   -0.445696211   -0.445670788
   15.931863727   -0.400976386   -0.400935884   -0.400914009
   15.991983968   -0.366458916   -0.366418715   -0.366400400
   16.052104208   -0.356517122   -0.356486846   -0.356469515
   16.112224449   -0.382020734   -0.382014618   -0.381985932
   16.172344689   -0.423704448   -0.423717548   -0.423671429
   16.232464930   -0.419979927   -0.419992732   -0.419938082
   16.292585170   -0.384723756   -0.384734227   -0.384678455
   16.352705411   -0.349056365   -0.349063208   -0.349011853
   16.412825651   -0.326431639   -0.326432459   -0.326392826
   16.472945892   -0.301831086   -0.301829132   -0.301796322
   16.533066132   -0.269680624   -0.269677535   -0.269644769
   16.593186373   -0.251405452   -0.251402751   -0.251370239
   16.653306613   -0.244816861   -0.244816546   -0.244785547
   16.713426854   -0.219431563   -0.219431840   -0.219400157
   16.773547094   -0.198918325   -0.198918918   -0.198885054
   16.833667335   -0.201741789   -0.201741802   -0.201708974
   16.893787575   -0.211558171   -0.211555039   -0.211525422
   16.953907816   -0.205132699   -0.205127851   -0.205093968
   17.014028056   -0.195381669   -0.195377528   -0.195332758
   17.074148297   -0.178290434   -0.178284742   -0.178240773
   17.134268537   -0.165368048   -0.165352702   -0.165336121
   17.194388778   -0.175272584   -0.175250566   -0.175253919
   17.254509018   -0.180600314   -0.180584453   -0.180587160
   17.314629259   -0.175907100   -0.175909566   -0.175905090
   17.374749499   -0.164050084   -0.164060264   -0.164050410
   17.434869739   -0.143737933   -0.143747245   -0.143732197
   17.494989980   -0.126039673   -0.126046294   -0.126028200
   17.555110220   -0.130202799   -0.130199354   -0.130181763
   17.615230461   -0.130467625   -0.130452927   -0.130435123
   17.675350701   -0.109349527   -0.109330193   -0.109312096
   17.735470942   -0.084040658   -0.084017671   -0.084001055
   17.795591182   -0.058416942   -0.058392421   -0.058376665
   17.855711423   -0.052655655   -0.052631587   -0.052612555
   17.915831663   -0.070787689   -0.070764572   -0.070738694
   17.975951904   -0.065476378   -0.065452786   -0.065425594
   18.036072144   -0.049414310   -0.049389442   -0.049367870
   18.096192385   -0.028991062   -0.028966638   -0.028949171
   18.156312625   -0.008917868   -0.008892459   -0.008876263
   18.216432866    0.001937481    0.001964916    0.001981445
   18.276553106    0.003639751    0.003664102    0.003684728
   18.336673347   -0.005046092   -0.005031959   -0.005005451
   18.396793587   -0.002544647   -0.002534708   -0.002504034
   18.456913828    0.015728412    0.015740723    0.015771999
   18.517034068    0.035107076    0.035120548    0.035152554
   18.577154309    0.034597719    0.034606356    0.034642490
   18.637274549    0.014838406    0.014841006    0.014879911
   18.697394790    0.017297098    0.017299293    0.017336508
   18.757515030    0.019173250    0.019171880    0.019202200
   18.817635271    0.023916783    0.023910992    0.023932703
   18.877755511    0.046069813    0.046064498    0.046084098
   18.937875752    0.070165282    0.070160497    0.070180679
   18.997995992    0.081026344    0.081018499    0.081041038
   19.058116232    0.069326304    0.069314857    0.069337606
   19.118236473    0.068048376    0.068036456    0.068057533
   19.178356713    0.086524649    0.086511773    0.086535309
   19.238476954    0.101330056    0.101318621    0.101342111
   19.298597194    0.095122357    0.095115248    0.095133985
   19.358717435    0.086192887    0.086187736    0.086203861
   19.418837675    0.073903859    0.073898870    0.073923028
   19.478957916    0.063855072    0.063858571    0.063891406
   19.539078156    0.070191375    0.070206801    0.070246524
   19.599198397    0.085200111    0.085217653    0.085260899
   19.659318637    0.102025780    0.102041745    0.102085646
   19.719438878    0.121852104    0.121866262    0.121909411
   19.779559118    0.140622230    0.140635253    0.140676636
   19.839679359    0.150759741    0.150774751    0.150810835
   19.899799599    0.148133823    0.148156006    0.148184668
   19.959919840    0.146974766    0.147003215    0.147031007
   20.020040080    0.158275883    0.158306518    0.158335793
   20.080160321    0.170783162    0.170816434    0.170851838
   20.140280561    0.182072183    0.182106014    0.182148016
   20.200400802    0.190680193    0.190707784    0.190754274
   20.260521042    0.194348266    0.194372587    0.194428519
   20.320641283    0.202230128    0.202259022    0.202321983
   20.380761523    0.213360437    0.213392836    0.213452262
   20.440881764    0.209735311    0.209765030    0.209807625
   20.501002004    0.202604634    0.202624208    0.202650898
   20.561122244    0.205991917    0.206006305    0.206033292
   20.621242485    0.201550154    0.201560236    0.201600598
   20.681362725    0.194946122    0.194955466    0.195006746
   20.741482966    0.199096598    0.199108230    0.199161694
   20.801603206    0.210851931    0.210866543    0.210919624
   20.861723447    0.224184574    0.224201476    0.224251955
   20.921843687    0.228765759    0.228777134    0.228822073
   20.981963928    0.229938221    0.229937504    0.229979616
   21.042084168    0.232683801    0.232679963    0.232722154
   21.102204409    0.233476726    0.233475008    0.233518880
   21.162324649    0.243074523    0.243074952    0.243121458
   21.222444890    0.257438421    0.257440997    0.257488128
   21.282565130    0.266124416    0.266127013    0.266176034
   21.342685371    0.265197293    0.265194807    0.265250036
   21.402805611    0.263257734    0.263250636    0.263312430
   21.462925852    0.265154293    0.265152327    0.265215398
   21.523046092    0.266481616    0.266483555    0.266545530
   21.583166333    0.265374237    0.265377243    0.265439772
   21.643286573    0.267843690    0.267846893    0.267912105
   21.703406814    0.278039700    0.278043572    0.278110572
   21.763527054    0.290733185    0.290737171    0.290805252
   21.823647295    0.301620248    0.301623367    0.301693960
   21.883767535    0.311556116    0.311558140    0.311632358
   21.943887776    0.322849754    0.322852052    0.322928383
   22.004008016    0.330788763    0.330794796    0.330871855
   22.064128257    0.333782282    0.333794141    0.333870198
   22.124248497    0.336895670    0.336909170    0.336982916
   22.184368737    0.337477377    0.337490663    0.337560143
   22.244488978    0.338100965    0.338114355    0.338179272
   22.304609218    0.346122372    0.346134316    0.346200607
   22.364729459    0.355845205    0.355854187    0.355925988
   22.424849699    0.359635740    0.359643589    0.359719876
   22.484969940    0.358031833    0.358044850    0.358123246
   22.545090180    0.356175129    0.356198404    0.356279798
   22.605210421    0.351445323    0.351474398    0.351558038
   22.665330661    0.339835866    0.339866016    0.339945388
   22.725450902    0.327366054    0.327397008    0.327471794
   22.785571142    0.332299900    0.332332614    0.332407486
   22.845691383    0.345364197    0.345396822    0.345473378
   22.905811623    0.358867174    0.358899223    0.358979437
   22.965931864    0.371245738    0.371277343    0.371362321
   23.026052104    0.381990104    0.382021153    0.382110172
   23.086172345    0.386691665    0.386721627    0.386814521
   23.146292585    0.383992170    0.384024818    0.384121244
   23.206412826    0.381783270    0.381825606    0.381924398
   23.266533066    0.384355545    0.384403675    0.384505056
   23.326653307    0.386495370    0.386544064    0.386650615
   23.386773547    0.386934002    0.386982058    0.387095537
   23.446893788    0.393410011    0.393457444    0.393578271
   23.507014028    0.403547517    0.403597506    0.403722826
   23.567134269    0.414105904    0.414160745    0.414290272
   23.627254509    0.420688356    0.420748588    0.420884190
   23.687374749    0.419165428    0.419230723    0.419373421
   23.747494990    0.413274071    0.413339567    0.413492777
   23.807615230    0.405214876    0.405276035    0.405447688
   23.867735471    0.404735836    0.404794271    0.404983166
   23.927855711    0.406559113    0.406620150    0.406821006
   23.987975952    0.408362918    0.408430314    0.408643138
   24.048096192    0.412346012    0.412419356    0.412645135
   24.108216433    0.417873587    0.417957877    0.418197366
   24.168336673    0.424910066    0.425014298    0.425266026
   24.228456914    0.431051836    0.431181414    0.431446801
   24.288577154    0.434298523    0.434456526    0.434738742
   24.348697395    0.436705183    0.436889657    0.437196118
   24.408817635    0.435947067    0.436125295    0.436490407
   24.468937876    0.433167210    0.433209267    0.433776107
   24.529058116    0.431711626    0.431487787    0.432414789
   24.589178357    0.435858740    0.435534305    0.436701937
   24.649298597    0.441136849    0.440819006    0.442154879
   24.709418838    0.446152515    0.445858462    0.447269627
   24.769539078    0.448049010    0.447812079    0.448690632
   24.829659319    0.446450339    0.446353605    0.445785731
   24.889779559    0.449203274    0.449200021    0.447964513
   24.949899800    0.455278558    0.455289374    0.454109827
   25.010020040    0.460576148    0.460583169    0.459575302
   25.070140281    0.465854102    0.465856338    0.464995318
   25.130260521    0.471537977    0.471537252    0.470785752
   25.190380762    0.474699668    0.474697599    0.474024578
   25.250501002    0.478100189    0.478096676    0.477478417
   25.310621242    0.483779213    0.483776355    0.483192443
   25.370741483    0.488526073    0.488527233    0.487959379
   25.430861723    0.491112348    0.491120790    0.490555864
   25.490981964    0.491936132    0.491955707    0.491408781
   25.551102204    0.491548570    0.491567378    0.491172400
   25.611222445    0.495154662    0.495136654    0.494998957
   25.671342685    0.500933079    0.500897585    0.500844349
   25.731462926    0.504973933    0.504939180    0.504877667
   25.791583166    0.507787904    0.507756783    0.507676854
   25.851703407    0.509188793    0.509160266    0.509073385
   25.911823647    0.506586737    0.506562141    0.506479175
   25.971943888    0.502519629    0.502501843    0.502417485
   26.032064128    0.501292140    0.501278233    0.501190132
   26.092184369    0.505283095    0.505271199    0.505180135
   26.152304609    0.511335795    0.511324979    0.511232342
   26.212424850    0.516657311    0.516646837    0.516554282
   26.272545090    0.520980952    0.520970604    0.520878999
   26.332665331    0.524739764    0.524730256    0.524639286
   26.392785571    0.526886516    0.526875518    0.526787132
   26.452905812    0.529623167    0.529607991    0.529524221
   26.513026052    0.532964282    0.532948422    0.532867496
   26.573146293    0.534763126    0.534749709    0.534669608
   26.633266533    0.535810201    0.535800856    0.535720046
   26.693386774    0.539793180    0.539785555    0.539704959
   26.753507014    0.545146874    0.545139172    0.545059256
   26.813627255    0.550532843    0.550525145    0.550445847
   26.873747495    0.552984337    0.552978731    0.552899115
   26.933867735    0.549302610    0.549300822    0.549220015
   26.993987976    0.546984420    0.546983566    0.546904336
   27.054108216    0.546032651    0.546031126    0.545956099
   27.114228457    0.546412796    0.546412504    0.546342938
   27.174348697    0.548981754    0.548983284    0.548915345
   27.234468938    0.552038912    0.552041547    0.551972637
   27.294589178    0.555602738    0.555605938    0.555536942
   27.354709419    0.558974674    0.558977825    0.558909330
   27.414829659    0.562366742    0.562370131    0.562302790
   27.474949900    0.564866801    0.564870950    0.564804954
   27.535070140    0.566464025    0.566468972    0.566403558
   27.595190381    0.569288918    0.569294032    0.569229050
   27.655310621    0.570541315    0.570546083    0.570481752
   27.715430862    0.567166750    0.567173132    0.567108554
   27.775551102    0.567416899    0.567425889    0.567360412
   27.835671343    0.571070534    0.571080861    0.571014836
   27.895791583    0.575632596    0.575643463    0.575577370
   27.955911824    0.580037269    0.580048320    0.579982363
   28.016032064    0.582783358    0.582794404    0.582728575
   28.076152305    0.583493961    0.583504859    0.583439281
   28.136272545    0.584658916    0.584669348    0.584603828
   28.196392786    0.588262002    0.588272144    0.588206426
   28.256513026    0.592725741    0.592736392    0.592669861
   28.316633267    0.595633510    0.595648723    0.595578569
   28.376753507    0.593012018    0.593038935    0.592961610
   28.436873747    0.588649402    0.588684119    0.588603243
   28.496993988    0.590197967    0.590235211    0.590152468
   28.557114228    0.593468587    0.593509004    0.593424584
   28.617234469    0.595080923    0.595127347    0.595044002
   28.677354709    0.596343749    0.596395537    0.596313263
   28.737474950    0.598828373    0.598885247    0.598798938
   28.797595190    0.601718912    0.601781741    0.601689058
   28.857715431    0.605012395    0.605078392    0.604981364
   28.917835671    0.607931402    0.607987853    0.607897806
   28.977955912    0.609725991    0.609772030    0.609691706
   29.038076152    0.610412733    0.610465663    0.610379091
   29.098196393    0.612356756    0.612424999    0.612323840
   29.158316633    0.614867798    0.614955699    0.614835762
   29.218436874    0.616987369    0.617096934    0.616957350
   29.278557114    0.618562274    0.618675417    0.618536043
   29.338677355    0.620669184    0.620692272    0.620640434
   29.398797595    0.622783867    0.622674107    0.622747588
   29.458917836    0.624841828    0.624704593    0.624804055
   29.519038076    0.626122643    0.626001147    0.626085558
   29.579158317    0.624544391    0.624441349    0.624508440
   29.639278557    0.623776950    0.623688319    0.623741473
   29.699398798    0.625969759    0.625892535    0.625934847
   29.759519038    0.628854311    0.628786096    0.628820068
   29.819639279    0.631393465    0.631332804    0.631360208
   29.879759519    0.632763823    0.632710477    0.632732543
   29.939879760    0.633844647    0.633797006    0.633815017
   30.000000000    0.635909319    0.635865607    0.635880377
