# energy grid [eV]  eels components [arbitrary units]
#
    0.000000000    0.000000000    0.000000000    0.000000000
    0.060120240    0.000051532    0.000051532    0.000051532
    0.120240481    0.000103101    0.000103101    0.000103101
    0.180360721    0.000154743    0.000154744    0.000154743
    0.240480962    0.000206496    0.000206497    0.000206497
    0.300601202    0.000258398    0.000258399    0.000258399
    0.360721443    0.000310488    0.000310489    0.000310489
    0.420841683    0.000362807    0.000362809    0.000362808
    0.480961924    0.000415397    0.000415399    0.000415399
    0.541082164    0.000468303    0.000468305    0.000468305
    0.601202405    0.000521572    0.000521574    0.000521574
    0.661322645    0.000575253    0.000575256    0.000575255
    0.721442886    0.000629401    0.000629403    0.000629403
    0.781563126    0.000684072    0.000684075    0.000684075
    0.841683367    0.000739330    0.000739333    0.000739333
    0.901803607    0.000795242    0.000795246    0.000795245
    0.961923848    0.000851885    0.000851888    0.000851888
    1.022044088    0.000909340    0.000909344    0.000909344
    1.082164329    0.000967702    0.000967706    0.000967705
    1.142284569    0.001027073    0.001027077    0.001027077
    1.202404810    0.001087572    0.001087576    0.001087576
    1.262525050    0.001149332    0.001149337    0.001149336
    1.322645291    0.001212508    0.001212513    0.001212512
    1.382765531    0.001277277    0.001277282    0.001277281
    1.442885772    0.001343847    0.001343853    0.001343852
    1.503006012    0.001412464    0.001412469    0.001412469
    1.563126253    0.001483418    0.001483424    0.001483424
    1.623246493    0.001557062    0.001557068    0.001557067
    1.683366733    0.001633821    0.001633827    0.001633826
    1.743486974    0.001714222    0.001714229    0.001714228
    1.803607214    0.001798924    0.001798931    0.001798930
    1.863727455    0.001888764    0.001888771    0.001888770
    1.923847695    0.001984826    0.001984833    0.001984832
    1.983967936    0.002088539    0.002088547    0.002088546
    2.044088176    0.002201842    0.002201850    0.002201849
    2.104208417    0.002327429    0.002327437    0.002327436
    2.164328657    0.002469178    0.002469186    0.002469185
    2.224448898    0.002632899    0.002632907    0.002632906
    2.284569138    0.002827748    0.002827756    0.002827755
    2.344689379    0.003069070    0.003069079    0.003069078
    2.404809619    0.003384603    0.003384613    0.003384612
    2.464929860    0.003828364    0.003828374    0.003828373
    2.525050100    0.004503004    0.004503016    0.004503015
    2.585170341    0.005517840    0.005517853    0.005517852
    2.645290581    0.006867442    0.006867457    0.006867456
    2.705410822    0.008711320    0.008711338    0.008711336
    2.765531062    0.010903370    0.010903392    0.010903389
    2.825651303    0.012847426    0.012847451    0.012847448
    2.885771543    0.014240176    0.014240203    0.014240200
    2.945891784    0.015218843    0.015218871    0.015218867
    3.006012024    0.016089381    0.016089410    0.016089407
    3.066132265    0.017192986    0.017193016    0.017193013
    3.126252505    0.017886718    0.017886749    0.017886746
    3.186372745    0.018021166    0.018021197    0.018021193
    3.246492986    0.018133999    0.018134028    0.018134025
    3.306613226    0.018218915    0.018218943    0.018218940
    3.366733467    0.018238510    0.018238536    0.018238533
    3.426853707    0.017935958    0.017935982    0.017935979
    3.486973948    0.017489315    0.017489337    0.017489334
    3.547094188    0.017103605    0.017103622    0.017103620
    3.607214429    0.017041818    0.017041832    0.017041830
    3.667334669    0.017278275    0.017278285    0.017278283
    3.727454910    0.017682463    0.017682468    0.017682467
    3.787575150    0.018421738    0.018421738    0.018421738
    3.847695391    0.019858305    0.019858299    0.019858300
    3.907815631    0.021682264    0.021682252    0.021682254
    3.967935872    0.023507073    0.023507054    0.023507056
    4.028056112    0.026200538    0.026200512    0.026200514
    4.088176353    0.028483318    0.028483287    0.028483290
    4.148296593    0.029504543    0.029504508    0.029504511
    4.208416834    0.030582953    0.030582910    0.030582914
    4.268537074    0.032783851    0.032783798    0.032783802
    4.328657315    0.036258358    0.036258296    0.036258302
    4.388777555    0.038235514    0.038235454    0.038235460
    4.448897796    0.037256152    0.037256098    0.037256104
    4.509018036    0.034996357    0.034996303    0.034996309
    4.569138277    0.033757309    0.033757246    0.033757252
    4.629258517    0.034196941    0.034196863    0.034196871
    4.689378758    0.036047868    0.036047773    0.036047783
    4.749498998    0.038317930    0.038317818    0.038317830
    4.809619238    0.040424178    0.040424056    0.040424070
    4.869739479    0.040954381    0.040954255    0.040954270
    4.929859719    0.040291522    0.040291390    0.040291406
    4.989979960    0.039669776    0.039669635    0.039669651
    5.050100200    0.039376154    0.039375997    0.039376014
    5.110220441    0.040627986    0.040627801    0.040627822
    5.170340681    0.043649863    0.043649647    0.043649673
    5.230460922    0.046668322    0.046668084    0.046668113
    5.290581162    0.048150941    0.048150698    0.048150726
    5.350701403    0.046981919    0.046981682    0.046981709
    5.410821643    0.044723520    0.044723279    0.044723307
    5.470941884    0.043643152    0.043642889    0.043642921
    5.531062124    0.044695153    0.044694853    0.044694889
    5.591182365    0.047218011    0.047217667    0.047217708
    5.651302605    0.049869765    0.049869381    0.049869427
    5.711422846    0.051623450    0.051623038    0.051623087
    5.771543086    0.052885921    0.052885483    0.052885533
    5.831663327    0.053401431    0.053400980    0.053401031
    5.891783567    0.051460092    0.051459640    0.051459693
    5.951903808    0.049921859    0.049921384    0.049921441
    6.012024048    0.050576186    0.050575664    0.050575726
    6.072144289    0.052569152    0.052568577    0.052568643
    6.132264529    0.054023488    0.054022865    0.054022937
    6.192384770    0.055251536    0.055250863    0.055250939
    6.252505010    0.057095828    0.057095093    0.057095177
    6.312625251    0.058413041    0.058412261    0.058412352
    6.372745491    0.057531563    0.057530761    0.057530857
    6.432865731    0.056785458    0.056784612    0.056784713
    6.492985972    0.057864936    0.057864006    0.057864118
    6.553106212    0.060138675    0.060137657    0.060137781
    6.613226453    0.060452323    0.060451255    0.060451386
    6.673346693    0.060110201    0.060109065    0.060109204
    6.733466934    0.061488297    0.061487041    0.061487195
    6.793587174    0.064365102    0.064363711    0.064363884
    6.853707415    0.065739897    0.065738421    0.065738606
    6.913827655    0.065527493    0.065525946    0.065526139
    6.973947896    0.065731409    0.065729761    0.065729963
    7.034068136    0.066237039    0.066235274    0.066235486
    7.094188377    0.066869660    0.066867770    0.066867992
    7.154308617    0.067176412    0.067174391    0.067174622
    7.214428858    0.067785325    0.067783136    0.067783385
    7.274549098    0.069319305    0.069316898    0.069317173
    7.334669339    0.071310494    0.071307860    0.071308165
    7.394789579    0.071721502    0.071718692    0.071719022
    7.454909820    0.071157068    0.071154065    0.071154419
    7.515030060    0.071479621    0.071476349    0.071476735
    7.575150301    0.072144292    0.072140709    0.072141130
    7.635270541    0.072996048    0.072992094    0.072992559
    7.695390782    0.074434540    0.074430137    0.074430658
    7.755511022    0.075926955    0.075922060    0.075922639
    7.815631263    0.077051036    0.077045618    0.077046257
    7.875751503    0.076560720    0.076554813    0.076555511
    7.935871743    0.074611918    0.074605454    0.074606219
    7.995991984    0.073193721    0.073186426    0.073187285
    8.056112224    0.074443876    0.074435233    0.074436250
    8.116232465    0.078837320    0.078826750    0.078827996
    8.176352705    0.083149262    0.083136507    0.083138011
    8.236472946    0.085388185    0.085372959    0.085374753
    8.296593186    0.085543234    0.085525042    0.085527186
    8.356713427    0.082939336    0.082917154    0.082919766
    8.416833667    0.079927635    0.079898784    0.079902179
    8.476953908    0.078927062    0.078886273    0.078891071
    8.537074148    0.079389382    0.079328832    0.079335954
    8.597194389    0.082555471    0.082476343    0.082485651
    8.657314629    0.088422444    0.088371440    0.088377440
    8.717434870    0.092240155    0.092231226    0.092232280
    8.777555110    0.092120971    0.092127716    0.092126932
    8.837675351    0.089332104    0.089342137    0.089340968
    8.897795591    0.085814294    0.085824251    0.085823087
    8.957915832    0.084374411    0.084384004    0.084382882
    9.018036072    0.085273527    0.085282968    0.085281863
    9.078156313    0.087939892    0.087949339    0.087948233
    9.138276553    0.092129181    0.092138754    0.092137633
    9.198396794    0.096666380    0.096676009    0.096674878
    9.258517034    0.099874720    0.099884134    0.099883029
    9.318637275    0.099921653    0.099930457    0.099929426
    9.378757515    0.097600284    0.097608325    0.097607385
    9.438877756    0.094965472    0.094972855    0.094971990
    9.498997996    0.094491786    0.094498820    0.094497994
    9.559118236    0.097114926    0.097121919    0.097121099
    9.619238477    0.100403618    0.100410609    0.100409790
    9.679358717    0.103979039    0.103986034    0.103985217
    9.739478958    0.107601996    0.107608973    0.107608160
    9.799599198    0.109978714    0.109985557    0.109984757
    9.859719439    0.110726924    0.110733516    0.110732740
    9.919839679    0.108767026    0.108773226    0.108772491
    9.979959920    0.107663483    0.107669417    0.107668709
   10.040080160    0.109139792    0.109145645    0.109144942
   10.100200401    0.111790369    0.111796202    0.111795502
   10.160320641    0.115600058    0.115605926    0.115605225
   10.220440882    0.118584984    0.118590810    0.118590111
   10.280561122    0.121466046    0.121471821    0.121471120
   10.340681363    0.124696239    0.124701976    0.124701272
   10.400801603    0.126848060    0.126853699    0.126852999
   10.460921844    0.126292177    0.126297558    0.126296891
   10.521042084    0.123368832    0.123373852    0.123373242
   10.581162325    0.121703051    0.121707813    0.121707242
   10.641282565    0.124595698    0.124600437    0.124599871
   10.701402806    0.131048769    0.131053623    0.131053038
   10.761523046    0.136471606    0.136476465    0.136475881
   10.821643287    0.137586640    0.137591284    0.137590735
   10.881763527    0.136340897    0.136345253    0.136344751
   10.941883768    0.135108321    0.135112398    0.135111956
   11.002004008    0.133650939    0.133654726    0.133654332
   11.062124248    0.132951010    0.132954534    0.132954171
   11.122244489    0.134152550    0.134155868    0.134155532
   11.182364729    0.136431840    0.136434968    0.136434648
   11.242484970    0.141482619    0.141485617    0.141485290
   11.302605210    0.147356171    0.147359010    0.147358674
   11.362725451    0.151811564    0.151814161    0.151813827
   11.422845691    0.155850957    0.155853250    0.155852934
   11.482965932    0.155790334    0.155792168    0.155791914
   11.543086172    0.153407368    0.153408640    0.153408469
   11.603206413    0.153292140    0.153292819    0.153292721
   11.663326653    0.156621621    0.156621674    0.156621648
   11.723446894    0.159065403    0.159064717    0.159064772
   11.783567134    0.163996433    0.163994909    0.163995048
   11.843687375    0.171729892    0.171727379    0.171727626
   11.903807615    0.175990795    0.175987087    0.175987464
   11.963927856    0.175951864    0.175946670    0.175947213
   12.024048096    0.175877564    0.175870470    0.175871256
   12.084168337    0.174517238    0.174507791    0.174508894
   12.144288577    0.171566660    0.171554294    0.171555764
   12.204408818    0.168764785    0.168748631    0.168750541
   12.264529058    0.167349069    0.167327565    0.167330102
   12.324649299    0.172826192    0.172796495    0.172800015
   12.384769539    0.182626908    0.182584793    0.182589796
   12.444889780    0.194773874    0.194712469    0.194719750
   12.505010020    0.203011833    0.202920267    0.202931106
   12.565130261    0.203270851    0.203128663    0.203145465
   12.625250501    0.200600949    0.200379685    0.200405766
   12.685370741    0.198182032    0.197929977    0.197959668
   12.745490982    0.198622829    0.198480544    0.198497318
   12.805611222    0.201608288    0.201559273    0.201565058
   12.865731463    0.207147768    0.207141020    0.207141815
   12.925851703    0.218503332    0.218516974    0.218515346
   12.985971944    0.233066375    0.233091227    0.233088251
   13.046092184    0.245588330    0.245619065    0.245615364
   13.106212425    0.249125789    0.249158050    0.249154145
   13.166332665    0.246654687    0.246686406    0.246682580
   13.226452906    0.246122629    0.246154008    0.246150272
   13.286573146    0.252868456    0.252900716    0.252896904
   13.346693387    0.261981655    0.262015036    0.262011093
   13.406813627    0.270783756    0.270818093    0.270814035
   13.466933868    0.281874783    0.281910392    0.281906207
   13.527054108    0.295498351    0.295535483    0.295531144
   13.587174349    0.305802358    0.305840379    0.305835924
   13.647294589    0.311198707    0.311236869    0.311232368
   13.707414830    0.312667359    0.312705237    0.312700762
   13.767535070    0.315925412    0.315963382    0.315958945
   13.827655311    0.322322964    0.322361607    0.322357128
   13.887775551    0.335128048    0.335168291    0.335163621
   13.947895792    0.351405095    0.351447299    0.351442396
   14.008016032    0.365108822    0.365152572    0.365147485
   14.068136273    0.379594466    0.379639956    0.379634634
   14.128256513    0.395727386    0.395774736    0.395769173
   14.188376754    0.406170662    0.406219106    0.406213420
   14.248496994    0.416075790    0.416125380    0.416119593
   14.308617234    0.430321583    0.430373007    0.430367072
   14.368737475    0.448951305    0.449005068    0.448998936
   14.428857715    0.463574682    0.463630175    0.463623884
   14.488977956    0.480517553    0.480575197    0.480568666
   14.549098196    0.496593791    0.496653252    0.496646506
   14.609218437    0.496883663    0.496942920    0.496936209
   14.669338677    0.491623620    0.491682292    0.491675688
   14.729458918    0.489528895    0.489587705    0.489581126
   14.789579158    0.497517421    0.497577844    0.497571077
   14.849699399    0.516615594    0.516678978    0.516671851
   14.909819639    0.528414646    0.528480037    0.528472599
   14.969939880    0.526221758    0.526287483    0.526279944
   15.030060120    0.523117290    0.523183587    0.523175927
   15.090180361    0.530311144    0.530379635    0.530371635
   15.150300601    0.542789485    0.542860953    0.542852562
   15.210420842    0.561555777    0.561631247    0.561622358
   15.270541082    0.581622457    0.581702121    0.581692735
   15.330661323    0.595420222    0.595503364    0.595493630
   15.390781563    0.609971637    0.610058767    0.610048623
   15.450901804    0.633561399    0.633654366    0.633643467
   15.511022044    0.670316489    0.670417660    0.670405768
   15.571142285    0.719950383    0.720062048    0.720049025
   15.631262525    0.765993396    0.766115089    0.766100907
   15.691382766    0.800642177    0.800772654    0.800757358
   15.751503006    0.840280666    0.840421537    0.840405004
   15.811623246    0.888627702    0.888781045    0.888763049
   15.871743487    0.945789105    0.945957293    0.945937511
   15.931863727    1.002915221    1.003099023    1.003077291
   15.991983968    1.055461328    1.055661173    1.055637462
   16.052104208    1.112262599    1.112481140    1.112455254
   16.112224449    1.183041177    1.183283646    1.183254993
   16.172344689    1.279499297    1.279773877    1.279741529
   16.232464930    1.412640231    1.412957862    1.412920402
   16.292585170    1.568944645    1.569312907    1.569269389
   16.352705411    1.708459437    1.708877466    1.708828082
   16.412825651    1.842458303    1.842931114    1.842875342
   16.472945892    2.002041841    2.002585499    2.002521469
   16.533066132    2.223782544    2.224427457    2.224351655
   16.593186373    2.541339345    2.542128669    2.542035842
   16.653306613    2.913216610    2.914186020    2.914071844
   16.713426854    3.365451906    3.366659417    3.366517753
   16.773547094    3.969705294    3.971249722    3.971069904
   16.833667335    4.751230598    4.753243051    4.753009781
   16.893787575    5.782658712    5.785348049    5.785037284
   16.953907816    7.263463562    7.267192263    7.266761226
   17.014028056    9.268891378    9.274154870    9.273543463
   17.074148297   12.148738871   12.156457447   12.155558335
   17.134268537   16.909602540   16.921582739   16.920185098
   17.194388778   24.566481330   24.584739513   24.582603936
   17.254509018   35.405711940   35.428653946   35.425957765
   17.314629259   46.306062745   46.319229466   46.317657883
   17.374749499   47.667033201   47.651476708   47.653281662
   17.434869739   36.339898200   36.312429620   36.315656406
   17.494989980   23.996866063   23.976527507   23.978922043
   17.555110220   15.621714685   15.609382613   15.610833014
   17.615230461   10.537046686   10.529672206   10.530535956
   17.675350701    7.369561927    7.365027342    7.365555692
   17.735470942    5.321882598    5.318989420    5.319325766
   17.795591182    3.951197795    3.949284020    3.949507097
   17.855711423    3.017367229    3.016052242    3.016206172
   17.915831663    2.368057992    2.367118819    2.367229086
   17.975951904    1.898431419    1.897736724    1.897818419
   18.036072144    1.550330055    1.549798341    1.549860860
   18.096192385    1.290825269    1.290401218    1.290451038
   18.156312625    1.094118647    1.093762288    1.093804181
   18.216432866    0.941187695    0.940864923    0.940902957
   18.276553106    0.819309588    0.818980561    0.819019383
   18.336673347    0.720323207    0.719926328    0.719973074
   18.396793587    0.638861629    0.638344021    0.638404922
   18.456913828    0.570677890    0.570193567    0.570250527
   18.517034068    0.512885762    0.512567410    0.512604834
   18.577154309    0.463617599    0.463409515    0.463433963
   18.637274549    0.421259271    0.421110852    0.421128281
   18.697394790    0.384541275    0.384427644    0.384440982
   18.757515030    0.352484169    0.352392930    0.352403635
   18.817635271    0.324319150    0.324243511    0.324252383
   18.877755511    0.299433118    0.299369000    0.299376519
   18.937875752    0.277330992    0.277275752    0.277282229
   18.997995992    0.257608834    0.257560652    0.257566300
   19.058116232    0.239934102    0.239891666    0.239896640
   19.118236473    0.224030844    0.223993171    0.223997586
   19.178356713    0.209668408    0.209634742    0.209638687
   19.238476954    0.196652734    0.196622478    0.196626023
   19.298597194    0.184819555    0.184792229    0.184795431
   19.358717435    0.174029037    0.174004251    0.174007155
   19.418837675    0.164161525    0.164138956    0.164141599
   19.478957916    0.155114128    0.155093504    0.155095919
   19.539078156    0.146797962    0.146779057    0.146781271
   19.599198397    0.139135920    0.139118539    0.139120575
   19.659318637    0.132060836    0.132044813    0.132046690
   19.719438878    0.125513980    0.125499173    0.125500907
   19.779559118    0.119443817    0.119430101    0.119431707
   19.839679359    0.113804967    0.113792235    0.113793726
   19.899799599    0.108557345    0.108545502    0.108546888
   19.959919840    0.103665430    0.103654393    0.103655685
   20.020040080    0.099097657    0.099087352    0.099088559
   20.080160321    0.094825898    0.094816260    0.094817388
   20.140280561    0.090825018    0.090815990    0.090817047
   20.200400802    0.087072505    0.087064035    0.087065026
   20.260521042    0.083548143    0.083540185    0.083541116
   20.320641283    0.080233739    0.080226251    0.080227128
   20.380761523    0.077112882    0.077105827    0.077106653
   20.440881764    0.074170738    0.074164084    0.074164863
   20.501002004    0.071393873    0.071387588    0.071388324
   20.561122244    0.068770093    0.068764150    0.068764846
   20.621242485    0.066288313    0.066282688    0.066283346
   20.681362725    0.063938434    0.063933104    0.063933728
   20.741482966    0.061711245    0.061706189    0.061706781
   20.801603206    0.059598324    0.059593523    0.059594085
   20.861723447    0.057591962    0.057587399    0.057587933
   20.921843687    0.055685091    0.055680751    0.055681259
   20.981963928    0.053871222    0.053867089    0.053867573
   21.042084168    0.052144386    0.052140448    0.052140909
   21.102204409    0.050499088    0.050495332    0.050495772
   21.162324649    0.048930260    0.048926675    0.048927095
   21.222444890    0.047433223    0.047429799    0.047430200
   21.282565130    0.046003651    0.046000378    0.046000761
   21.342685371    0.044637540    0.044634409    0.044634775
   21.402805611    0.043331180    0.043328182    0.043328533
   21.462925852    0.042081127    0.042078256    0.042078592
   21.523046092    0.040884184    0.040881432    0.040881754
   21.583166333    0.039737377    0.039734737    0.039735046
   21.643286573    0.038637939    0.038635405    0.038635702
   21.703406814    0.037583290    0.037580857    0.037581142
   21.763527054    0.036571026    0.036568688    0.036568962
   21.823647295    0.035598900    0.035596652    0.035596915
   21.883767535    0.034664813    0.034662651    0.034662904
   21.943887776    0.033766804    0.033764723    0.033764966
   22.004008016    0.032903033    0.032901029    0.032901263
   22.064128257    0.032071779    0.032069848    0.032070074
   22.124248497    0.031271427    0.031269566    0.031269784
   22.184368737    0.030500462    0.030498667    0.030498877
   22.244488978    0.029757460    0.029755728    0.029755931
   22.304609218    0.029041082    0.029039411    0.029039606
   22.364729459    0.028350070    0.028348456    0.028348645
   22.424849699    0.027683238    0.027681679    0.027681862
   22.484969940    0.027039470    0.027037963    0.027038139
   22.545090180    0.026417712    0.026416255    0.026416426
   22.605210421    0.025816972    0.025815563    0.025815727
   22.665330661    0.025236311    0.025234947    0.025235107
   22.725450902    0.024674843    0.024673523    0.024673677
   22.785571142    0.024131731    0.024130453    0.024130602
   22.845691383    0.023606183    0.023604944    0.023605089
   22.905811623    0.023097447    0.023096247    0.023096387
   22.965931864    0.022604815    0.022603652    0.022603788
   23.026052104    0.022127613    0.022126485    0.022126617
   23.086172345    0.021665203    0.021664108    0.021664236
   23.146292585    0.021216979    0.021215917    0.021216041
   23.206412826    0.020782367    0.020781335    0.020781456
   23.266533066    0.020360820    0.020359818    0.020359936
   23.326653307    0.019951820    0.019950847    0.019950961
   23.386773547    0.019554874    0.019553928    0.019554039
   23.446893788    0.019169511    0.019168592    0.019168700
   23.507014028    0.018795287    0.018794394    0.018794498
   23.567134269    0.018431775    0.018430906    0.018431008
   23.627254509    0.018078571    0.018077725    0.018077824
   23.687374749    0.017735288    0.017734465    0.017734561
   23.747494990    0.017401558    0.017400757    0.017400851
   23.807615230    0.017077030    0.017076251    0.017076342
   23.867735471    0.016761369    0.016760610    0.016760699
   23.927855711    0.016454255    0.016453516    0.016453603
   23.987975952    0.016155382    0.016154662    0.016154746
   24.048096192    0.015864458    0.015863756    0.015863839
   24.108216433    0.015581204    0.015580520    0.015580600
   24.168336673    0.015305352    0.015304685    0.015304763
   24.228456914    0.015036647    0.015035997    0.015036073
   24.288577154    0.014774845    0.014774210    0.014774284
   24.348697395    0.014519710    0.014519091    0.014519163
   24.408817635    0.014271020    0.014270415    0.014270486
   24.468937876    0.014028558    0.014027968    0.014028037
   24.529058116    0.013792118    0.013791542    0.013791610
   24.589178357    0.013561504    0.013560942    0.013561007
   24.649298597    0.013336525    0.013335976    0.013336040
   24.709418838    0.013117000    0.013116463    0.013116526
   24.769539078    0.012902753    0.012902229    0.012902290
   24.829659319    0.012693618    0.012693105    0.012693165
   24.889779559    0.012489433    0.012488932    0.012488990
   24.949899800    0.012290043    0.012289553    0.012289610
   25.010020040    0.012095300    0.012094821    0.012094877
   25.070140281    0.011905060    0.011904591    0.011904646
   25.130260521    0.011719186    0.011718728    0.011718782
   25.190380762    0.011537546    0.011537098    0.011537150
   25.250501002    0.011360012    0.011359574    0.011359625
   25.310621242    0.011186462    0.011186033    0.011186083
   25.370741483    0.011016777    0.011016357    0.011016406
   25.430861723    0.010850845    0.010850433    0.010850481
   25.490981964    0.010688554    0.010688152    0.010688199
   25.551102204    0.010529801    0.010529406    0.010529452
   25.611222445    0.010374482    0.010374096    0.010374141
   25.671342685    0.010222500    0.010222122    0.010222166
   25.731462926    0.010073761    0.010073390    0.010073433
   25.791583166    0.009928172    0.009927808    0.009927851
   25.851703407    0.009785645    0.009785289    0.009785331
   25.911823647    0.009646097    0.009645748    0.009645788
   25.971943888    0.009509444    0.009509101    0.009509141
   26.032064128    0.009375607    0.009375271    0.009375310
   26.092184369    0.009244509    0.009244180    0.009244218
   26.152304609    0.009116077    0.009115754    0.009115792
   26.212424850    0.008990239    0.008989922    0.008989959
   26.272545090    0.008866926    0.008866615    0.008866652
   26.332665331    0.008746071    0.008745766    0.008745801
   26.392785571    0.008627609    0.008627309    0.008627344
   26.452905812    0.008511477    0.008511184    0.008511218
   26.513026052    0.008397616    0.008397328    0.008397362
   26.573146293    0.008285967    0.008285684    0.008285717
   26.633266533    0.008176472    0.008176194    0.008176227
   26.693386774    0.008069077    0.008068804    0.008068836
   26.753507014    0.007963730    0.007963462    0.007963493
   26.813627255    0.007860377    0.007860114    0.007860145
   26.873747495    0.007758971    0.007758712    0.007758742
   26.933867735    0.007659461    0.007659207    0.007659237
   26.993987976    0.007561802    0.007561552    0.007561581
   27.054108216    0.007465948    0.007465702    0.007465731
   27.114228457    0.007371854    0.007371613    0.007371641
   27.174348697    0.007279479    0.007279242    0.007279270
   27.234468938    0.007188781    0.007188548    0.007188575
   27.294589178    0.007099720    0.007099491    0.007099518
   27.354709419    0.007012256    0.007012031    0.007012057
   27.414829659    0.006926353    0.006926131    0.006926157
   27.474949900    0.006841972    0.006841755    0.006841780
   27.535070140    0.006759080    0.006758866    0.006758891
   27.595190381    0.006677640    0.006677430    0.006677454
   27.655310621    0.006597620    0.006597413    0.006597437
   27.715430862    0.006518987    0.006518783    0.006518807
   27.775551102    0.006441709    0.006441508    0.006441532
   27.835671343    0.006365756    0.006365558    0.006365581
   27.895791583    0.006291096    0.006290902    0.006290925
   27.955911824    0.006217703    0.006217511    0.006217534
   28.016032064    0.006145546    0.006145358    0.006145380
   28.076152305    0.006074599    0.006074414    0.006074435
   28.136272545    0.006004835    0.006004652    0.006004674
   28.196392786    0.005936228    0.005936048    0.005936069
   28.256513026    0.005868752    0.005868575    0.005868596
   28.316633267    0.005802384    0.005802209    0.005802230
   28.376753507    0.005737098    0.005736927    0.005736947
   28.436873747    0.005672873    0.005672704    0.005672723
   28.496993988    0.005609684    0.005609518    0.005609537
   28.557114228    0.005547511    0.005547347    0.005547366
   28.617234469    0.005486331    0.005486169    0.005486188
   28.677354709    0.005426124    0.005425965    0.005425983
   28.737474950    0.005366869    0.005366712    0.005366731
   28.797595190    0.005308547    0.005308392    0.005308410
   28.857715431    0.005251138    0.005250985    0.005251003
   28.917835671    0.005194623    0.005194473    0.005194490
   28.977955912    0.005138984    0.005138836    0.005138853
   29.038076152    0.005084203    0.005084057    0.005084074
   29.098196393    0.005030263    0.005030119    0.005030136
   29.158316633    0.004977147    0.004977005    0.004977022
   29.218436874    0.004924837    0.004924698    0.004924714
   29.278557114    0.004873319    0.004873181    0.004873197
   29.338677355    0.004822576    0.004822440    0.004822456
   29.398797595    0.004772593    0.004772459    0.004772475
   29.458917836    0.004723355    0.004723222    0.004723238
   29.519038076    0.004674847    0.004674716    0.004674732
   29.579158317    0.004627055    0.004626926    0.004626941
   29.639278557    0.004579965    0.004579838    0.004579853
   29.699398798    0.004533564    0.004533439    0.004533453
   29.759519038    0.004487838    0.004487714    0.004487729
   29.819639279    0.004442774    0.004442653    0.004442667
   29.879759519    0.004398361    0.004398241    0.004398255
   29.939879760    0.004354584    0.004354466    0.004354480
   30.000000000    0.004311434    0.004311317    0.004311330
