# energy grid [eV]     epsi_x  epsi_y  epsi_z
#
    0.000000000    0.000000000    0.000000000    0.000000000
    0.060120240    0.012592134    0.012592128    0.012592128
    0.120240481    0.025229786    0.025229774    0.025229775
    0.180360721    0.037958933    0.037958916    0.037958918
    0.240480962    0.050826480    0.050826457    0.050826459
    0.300601202    0.063880744    0.063880715    0.063880718
    0.360721443    0.077171973    0.077171938    0.077171942
    0.420841683    0.090752903    0.090752863    0.090752867
    0.480961924    0.104679370    0.104679324    0.104679329
    0.541082164    0.119010990    0.119010939    0.119010944
    0.601202405    0.133811925    0.133811868    0.133811873
    0.661322645    0.149151760    0.149151696    0.149151702
    0.721442886    0.165106508    0.165106438    0.165106445
    0.781563126    0.181759786    0.181759711    0.181759718
    0.841683367    0.199204194    0.199204113    0.199204121
    0.901803607    0.217542944    0.217542856    0.217542865
    0.961923848    0.236891807    0.236891714    0.236891723
    1.022044088    0.257381464    0.257381364    0.257381373
    1.082164329    0.279160339    0.279160233    0.279160243
    1.142284569    0.302398085    0.302397973    0.302397983
    1.202404810    0.327289864    0.327289746    0.327289757
    1.262525050    0.354061681    0.354061558    0.354061569
    1.322645291    0.382977076    0.382976946    0.382976958
    1.382765531    0.414345602    0.414345466    0.414345478
    1.442885772    0.448533691    0.448533549    0.448533561
    1.503006012    0.485978731    0.485978582    0.485978595
    1.563126253    0.527207529    0.527207374    0.527207387
    1.623246493    0.572860866    0.572860704    0.572860718
    1.683366733    0.623726640    0.623726472    0.623726486
    1.743486974    0.680785366    0.680785192    0.680785206
    1.803607214    0.745273793    0.745273613    0.745273626
    1.863727455    0.818775744    0.818775558    0.818775571
    1.923847695    0.903354950    0.903354758    0.903354771
    1.983967936    1.001754583    1.001754386    1.001754399
    2.044088176    1.117706491    1.117706289    1.117706300
    2.104208417    1.256428085    1.256427878    1.256427889
    2.164328657    1.425455435    1.425455225    1.425455235
    2.224448898    1.636112099    1.636111887    1.636111895
    2.284569138    1.906258237    1.906258026    1.906258031
    2.344689379    2.265807441    2.265807236    2.265807237
    2.404809619    2.768644277    2.768644086    2.768644082
    2.464929860    3.519371473    3.519371312    3.519371301
    2.525050100    4.720834799    4.720834693    4.720834671
    2.585170341    6.640487728    6.640487688    6.640487645
    2.645290581    9.444542357    9.444542441    9.444542389
    2.705410822   13.338289145   13.338289522   13.338289397
    2.765531062   17.272855516   17.272856055   17.272855595
    2.825651303   19.858098153   19.858098564   19.858097955
    2.885771543   21.369631587   21.369631737   21.369631261
    2.945891784   22.597560316   22.597560085   22.597560006
    3.006012024   24.081041129   24.081040775   24.081040823
    3.066132265   25.323286629   25.323286280   25.323286067
    3.126252505   25.754179058   25.754178679   25.754178216
    3.186372745   26.540722057   26.540721571   26.540721008
    3.246492986   27.857993958   27.857993323   27.857992494
    3.306613226   29.391789042   29.391788449   29.391787194
    3.366733467   31.113156941   31.113156576   31.113155076
    3.426853707   33.228091860   33.228091590   33.228090373
    3.486973948   36.565314364   36.565313810   36.565313271
    3.547094188   41.254491546   41.254490783   41.254490774
    3.607214429   46.830047567   46.830047018   46.830047285
    3.667334669   51.647837517   51.647837233   51.647837602
    3.727454910   54.699400481   54.699400624   54.699400909
    3.787575150   54.275777477   54.275778047   54.275778313
    3.847695391   49.330413277   49.330414020   49.330414351
    3.907815631   43.414560010   43.414560474   43.414561091
    3.967935872   38.184733269   38.184733597   38.184734347
    4.028056112   33.230967132   33.230967545   33.230968207
    4.088176353   30.685782231   30.685782411   30.685783088
    4.148296593   29.221373628   29.221373248   29.221374091
    4.208416834   27.210671906   27.210671069   27.210672056
    4.268537074   24.622255974   24.622255115   24.622255950
    4.328657315   22.737221747   22.737221179   22.737221649
    4.388777555   22.643291210   22.643290810   22.643290955
    4.448897796   23.648358725   23.648358049   23.648358074
    4.509018036   24.244368243   24.244367014   24.244367036
    4.569138277   23.078113907   23.078112331   23.078112387
    4.629258517   20.826678774   20.826677193   20.826677311
    4.689378758   18.799489967   18.799488733   18.799488676
    4.749498998   17.485677426   17.485676676   17.485676298
    4.809619238   16.854839930   16.854839452   16.854838897
    4.869739479   16.761879586   16.761879127   16.761878664
    4.929859719   16.404394117   16.404393534   16.404393293
    4.989979960   15.616698917   15.616698170   15.616697929
    5.050100200   14.416536141   14.416535392   14.416534898
    5.110220441   12.978420380   12.978419498   12.978418875
    5.170340681   12.067608206   12.067607010   12.067606516
    5.230460922   11.782893297   11.782891836   11.782891634
    5.290581162   11.913070894   11.913069325   11.913069255
    5.350701403   12.046951081   12.046949442   12.046949302
    5.410821643   11.539837276   11.539835616   11.539835351
    5.470941884   10.478169172   10.478167598   10.478167283
    5.531062124    9.450494953    9.450493511    9.450493326
    5.591182365    8.834972008    8.834970705    8.834970626
    5.651302605    8.553260120    8.553258659    8.553258651
    5.711422846    8.406781253    8.406779565    8.406779692
    5.771543086    8.253202184    8.253200209    8.253200394
    5.831663327    8.234613208    8.234610953    8.234610865
    5.891783567    8.008252469    8.008249742    8.008249547
    5.951903808    7.362476634    7.362473315    7.362473446
    6.012024048    6.746585045    6.746581630    6.746581989
    6.072144289    6.405611389    6.405608422    6.405608655
    6.132264529    6.175950109    6.175947420    6.175947539
    6.192384770    5.931325079    5.931322567    5.931322512
    6.252505010    5.748624136    5.748621699    5.748621419
    6.312625251    5.693137708    5.693135020    5.693134674
    6.372745491    5.519708194    5.519705186    5.519704967
    6.432865731    5.162621958    5.162618901    5.162618791
    6.492985972    4.844929087    4.844925919    4.844925887
    6.553106212    4.728789877    4.728786445    4.728786568
    6.613226453    4.608344520    4.608341080    4.608341319
    6.673346693    4.357120730    4.357117184    4.357117485
    6.733466934    4.116776288    4.116772179    4.116772620
    6.793587174    4.038368363    4.038363598    4.038364209
    6.853707415    4.012397146    4.012391840    4.012392758
    6.913827655    3.883370317    3.883364618    3.883365807
    6.973947896    3.726906225    3.726900122    3.726901398
    7.034068136    3.580283733    3.580277223    3.580278522
    7.094188377    3.453418493    3.453411597    3.453412858
    7.154308617    3.313143483    3.313136356    3.313137356
    7.214428858    3.169283445    3.169275995    3.169276740
    7.274549098    3.053438215    3.053430152    3.053430793
    7.334669339    3.005194083    3.005185242    3.005185937
    7.394789579    2.945118769    2.945109125    2.945110009
    7.454909820    2.818179672    2.818169022    2.818170162
    7.515030060    2.691999054    2.691987289    2.691988611
    7.575150301    2.589210971    2.589197943    2.589199368
    7.635270541    2.490128206    2.490113607    2.490115171
    7.695390782    2.413660143    2.413643565    2.413645462
    7.755511022    2.360714070    2.360695136    2.360697358
    7.815631263    2.316840635    2.316818904    2.316821401
    7.875751503    2.254733344    2.254708103    2.254711039
    7.935871743    2.127118593    2.127088839    2.127092376
    7.995991984    1.968471421    1.968435765    1.968439970
    8.056112224    1.846308140    1.846264718    1.846269775
    8.116232465    1.814678947    1.814625139    1.814631446
    8.176352705    1.837174806    1.837106583    1.837114621
    8.236472946    1.845165559    1.845076347    1.845086866
    8.296593186    1.832215719    1.832094338    1.832108653
    8.356713427    1.754860866    1.754687292    1.754707749
    8.416833667    1.626942653    1.626677737    1.626708905
    8.476953908    1.511716492    1.511277328    1.511328977
    8.537074148    1.421018440    1.420231067    1.420323660
    8.597194389    1.369102617    1.367777846    1.367933642
    8.657314629    1.385710135    1.384344034    1.384504630
    8.717434870    1.416321062    1.415488744    1.415586556
    8.777555110    1.406378799    1.405916347    1.405970755
    8.837675351    1.344469241    1.344192508    1.344225156
    8.897795591    1.245002250    1.244822250    1.244843513
    8.957915832    1.152227698    1.152102511    1.152117307
    9.018036072    1.090228755    1.090137083    1.090147932
    9.078156313    1.053608801    1.053538878    1.053547158
    9.138276553    1.042558921    1.042503819    1.042510357
    9.198396794    1.048344663    1.048300150    1.048305421
    9.258517034    1.056264963    1.056228346    1.056232667
    9.318637275    1.041052958    1.041022343    1.041025977
    9.378757515    0.993404399    0.993378440    0.993381550
    9.438877756    0.927906707    0.927884454    0.927887115
    9.498997996    0.869615179    0.869595834    0.869598130
    9.559118236    0.841496918    0.841479903    0.841481923
    9.619238477    0.826779568    0.826764489    0.826766294
    9.679358717    0.818035356    0.818021884    0.818023512
    9.739478958    0.815343025    0.815330914    0.815332408
    9.799599198    0.809114780    0.809103807    0.809105170
    9.859719439    0.795398175    0.795388179    0.795389402
    9.919839679    0.759374298    0.759365187    0.759366277
    9.979959920    0.717356781    0.717348457    0.717349421
   10.040080160    0.689994518    0.689986876    0.689987721
   10.100200401    0.672607298    0.672600230    0.672600999
   10.160320641    0.664505658    0.664499087    0.664499815
   10.220440882    0.656940764    0.656934627    0.656935304
   10.280561122    0.647242564    0.647236758    0.647237364
   10.340681363    0.642610985    0.642605508    0.642606031
   10.400801603    0.636441423    0.636436346    0.636436763
   10.460921844    0.620094797    0.620090064    0.620090411
   10.521042084    0.586892471    0.586887923    0.586888292
   10.581162325    0.550726059    0.550721603    0.550722017
   10.641282565    0.531287192    0.531282852    0.531283275
   10.701402806    0.531918765    0.531914600    0.531914984
   10.761523046    0.537924523    0.537920526    0.537920875
   10.821643287    0.531371941    0.531368031    0.531368387
   10.881763527    0.512126340    0.512122514    0.512122887
   10.941883768    0.490821665    0.490817914    0.490818379
   11.002004008    0.466769891    0.466766171    0.466766715
   11.062124248    0.443593198    0.443589482    0.443590055
   11.122244489    0.425625125    0.425621405    0.425622002
   11.182364729    0.411621571    0.411617844    0.411618453
   11.242484970    0.405187611    0.405183879    0.405184448
   11.302605210    0.405313559    0.405309811    0.405310314
   11.362725451    0.402794691    0.402790920    0.402791350
   11.422845691    0.401330349    0.401326553    0.401326917
   11.482965932    0.391464856    0.391460987    0.391461348
   11.543086172    0.372233003    0.372229000    0.372229409
   11.603206413    0.354564680    0.354560453    0.354560907
   11.663326653    0.345692522    0.345688007    0.345688496
   11.723446894    0.336060833    0.336055977    0.336056502
   11.783567134    0.329925509    0.329920299    0.329920838
   11.843687375    0.332025805    0.332020180    0.332020749
   11.903807615    0.331663883    0.331657741    0.331658342
   11.963927856    0.322459560    0.322452698    0.322453349
   12.024048096    0.311776396    0.311768456    0.311769241
   12.084168337    0.299420683    0.299411204    0.299412232
   12.144288577    0.283149429    0.283137934    0.283139254
   12.204408818    0.266100615    0.266086473    0.266088111
   12.264529058    0.249222060    0.249204180    0.249206251
   12.324649299    0.241536570    0.241513090    0.241515840
   12.384769539    0.241461504    0.241429161    0.241432986
   12.444889780    0.246242376    0.246195084    0.246200684
   12.505010020    0.249813188    0.249738578    0.249747407
   12.565130261    0.243941490    0.243812803    0.243828019
   12.625250501    0.232504741    0.232274124    0.232301318
   12.685370741    0.219648163    0.219331386    0.219368692
   12.745490982    0.209004544    0.208769284    0.208796994
   12.805611222    0.200987721    0.200856262    0.200871752
   12.865731463    0.194915362    0.194839565    0.194848494
   12.925851703    0.194158877    0.194111173    0.194116779
   12.985971944    0.197449555    0.197417150    0.197420933
   13.046092184    0.201264677    0.201241322    0.201244010
   13.106212425    0.198805141    0.198787533    0.198789513
   13.166332665    0.190026094    0.190012331    0.190013854
   13.226452906    0.180216481    0.180205389    0.180206629
   13.286573146    0.175250683    0.175241518    0.175242557
   13.346693387    0.172669200    0.172661491    0.172662363
   13.406813627    0.169981781    0.169975201    0.169975937
   13.466933868    0.168316871    0.168311180    0.168311821
   13.527054108    0.168760582    0.168755600    0.168756176
   13.587174349    0.168187681    0.168183286    0.168183793
   13.647294589    0.165153283    0.165149376    0.165149810
   13.707414830    0.159068073    0.159064568    0.159064943
   13.767535070    0.153051257    0.153048079    0.153048433
   13.827655311    0.147732910    0.147730006    0.147730349
   13.887775551    0.145160600    0.145157942    0.145158260
   13.947895792    0.144534734    0.144532276    0.144532569
   14.008016032    0.143374345    0.143372065    0.143372338
   14.068136273    0.141846195    0.141844074    0.141844319
   14.128256513    0.141500854    0.141498879    0.141499093
   14.188376754    0.139209420    0.139207573    0.139207767
   14.248496994    0.135937708    0.135935963    0.135936148
   14.308617234    0.133526011    0.133524359    0.133524548
   14.368737475    0.132744935    0.132743370    0.132743572
   14.428857715    0.131233901    0.131232410    0.131232620
   14.488977956    0.129823424    0.129822003    0.129822211
   14.549098196    0.129410675    0.129409331    0.129409531
   14.609218437    0.125261641    0.125260371    0.125260565
   14.669338677    0.118501840    0.118500622    0.118500818
   14.729458918    0.111524005    0.111522828    0.111523031
   14.789579158    0.106272027    0.106270877    0.106271081
   14.849699399    0.103934231    0.103933095    0.103933298
   14.909819639    0.101276013    0.101274935    0.101275121
   14.969939880    0.095844145    0.095843140    0.095843304
   15.030060120    0.089313526    0.089312575    0.089312723
   15.090180361    0.084285789    0.084284890    0.084285016
   15.150300601    0.080212639    0.080211780    0.080211891
   15.210420842    0.077070223    0.077069398    0.077069499
   15.270541082    0.074438632    0.074437843    0.074437935
   15.330661323    0.070950112    0.070949353    0.070949446
   15.390781563    0.067218988    0.067218256    0.067218353
   15.450901804    0.064115713    0.064115008    0.064115097
   15.511022044    0.062178214    0.062177531    0.062177611
   15.571142285    0.061381464    0.061380797    0.061380882
   15.631262525    0.060535349    0.060534705    0.060534792
   15.691382766    0.058502873    0.058502261    0.058502338
   15.751503006    0.056323931    0.056323341    0.056323414
   15.811623246    0.054491866    0.054491287    0.054491358
   15.871743487    0.052973000    0.052972428    0.052972497
   15.931863727    0.051370974    0.051370412    0.051370475
   15.991983968    0.049225082    0.049224533    0.049224588
   16.052104208    0.046856238    0.046855702    0.046855755
   16.112224449    0.044618333    0.044617817    0.044617869
   16.172344689    0.042859364    0.042858868    0.042858921
   16.232464930    0.041899023    0.041898541    0.041898591
   16.292585170    0.041447553    0.041447079    0.041447126
   16.352705411    0.040303801    0.040303332    0.040303376
   16.412825651    0.038369045    0.038368576    0.038368621
   16.472945892    0.036207924    0.036207459    0.036207503
   16.533066132    0.034323429    0.034322975    0.034323020
   16.593186373    0.033220068    0.033219630    0.033219673
   16.653306613    0.032164122    0.032163700    0.032163736
   16.713426854    0.030902125    0.030901715    0.030901750
   16.773547094    0.029834962    0.029834559    0.029834599
   16.833667335    0.028852098    0.028851699    0.028851746
   16.893787575    0.027721852    0.027721451    0.027721505
   16.953907816    0.026853438    0.026853031    0.026853093
   17.014028056    0.025942760    0.025942352    0.025942414
   17.074148297    0.024629629    0.024629231    0.024629289
   17.134268537    0.023396387    0.023395998    0.023396056
   17.194388778    0.022529948    0.022529563    0.022529621
   17.254509018    0.021792817    0.021792430    0.021792490
   17.314629259    0.020941604    0.020941218    0.020941277
   17.374749499    0.019983551    0.019983170    0.019983226
   17.434869739    0.019151864    0.019151484    0.019151537
   17.494989980    0.018408731    0.018408349    0.018408397
   17.555110220    0.017710581    0.017710195    0.017710239
   17.615230461    0.017020890    0.017020500    0.017020539
   17.675350701    0.016295004    0.016294604    0.016294644
   17.735470942    0.015539961    0.015539543    0.015539587
   17.795591182    0.014811908    0.014811461    0.014811513
   17.855711423    0.014161164    0.014160682    0.014160740
   17.915831663    0.013608044    0.013607512    0.013607577
   17.975951904    0.013095802    0.013095198    0.013095272
   18.036072144    0.012639230    0.012638521    0.012638607
   18.096192385    0.012265380    0.012264508    0.012264612
   18.156312625    0.011965788    0.011964646    0.011964782
   18.216432866    0.011715236    0.011713615    0.011713808
   18.276553106    0.011494991    0.011492445    0.011492747
   18.336673347    0.011295869    0.011291477    0.011291996
   18.396793587    0.011115121    0.011108069    0.011108900
   18.456913828    0.010943476    0.010936644    0.010937449
   18.517034068    0.010778072    0.010773927    0.010774415
   18.577154309    0.010621726    0.010619321    0.010619604
   18.637274549    0.010472978    0.010471445    0.010471626
   18.697394790    0.010330248    0.010329175    0.010329301
   18.757515030    0.010192554    0.010191744    0.010191839
   18.817635271    0.010059247    0.010058600    0.010058677
   18.877755511    0.009929864    0.009929325    0.009929389
   18.937875752    0.009804048    0.009803584    0.009803638
   18.997995992    0.009681513    0.009681103    0.009681152
   19.058116232    0.009562024    0.009561656    0.009561699
   19.118236473    0.009445383    0.009445046    0.009445086
   19.178356713    0.009331419    0.009331107    0.009331144
   19.238476954    0.009219983    0.009219693    0.009219727
   19.298597194    0.009110946    0.009110672    0.009110704
   19.358717435    0.009004190    0.009003931    0.009003961
   19.418837675    0.008899612    0.008899365    0.008899394
   19.478957916    0.008797117    0.008796880    0.008796908
   19.539078156    0.008696619    0.008696392    0.008696419
   19.599198397    0.008598041    0.008597821    0.008597847
   19.659318637    0.008501309    0.008501097    0.008501122
   19.719438878    0.008406358    0.008406153    0.008406177
   19.779559118    0.008313126    0.008312927    0.008312950
   19.839679359    0.008221555    0.008221361    0.008221384
   19.899799599    0.008131591    0.008131402    0.008131424
   19.959919840    0.008043184    0.008043000    0.008043022
   20.020040080    0.007956287    0.007956107    0.007956128
   20.080160321    0.007870855    0.007870679    0.007870700
   20.140280561    0.007786846    0.007786674    0.007786694
   20.200400802    0.007704219    0.007704051    0.007704071
   20.260521042    0.007622938    0.007622774    0.007622793
   20.320641283    0.007542966    0.007542805    0.007542823
   20.380761523    0.007464269    0.007464110    0.007464129
   20.440881764    0.007386813    0.007386658    0.007386676
   20.501002004    0.007310568    0.007310416    0.007310433
   20.561122244    0.007235504    0.007235354    0.007235372
   20.621242485    0.007161593    0.007161445    0.007161462
   20.681362725    0.007088805    0.007088661    0.007088678
   20.741482966    0.007017117    0.007016974    0.007016991
   20.801603206    0.006946501    0.006946361    0.006946377
   20.861723447    0.006876934    0.006876796    0.006876812
   20.921843687    0.006808392    0.006808256    0.006808272
   20.981963928    0.006740852    0.006740718    0.006740734
   21.042084168    0.006674293    0.006674161    0.006674177
   21.102204409    0.006608693    0.006608564    0.006608579
   21.162324649    0.006544033    0.006543905    0.006543920
   21.222444890    0.006480292    0.006480166    0.006480181
   21.282565130    0.006417451    0.006417327    0.006417341
   21.342685371    0.006355492    0.006355370    0.006355384
   21.402805611    0.006294397    0.006294276    0.006294290
   21.462925852    0.006234148    0.006234029    0.006234043
   21.523046092    0.006174730    0.006174612    0.006174626
   21.583166333    0.006116125    0.006116009    0.006116022
   21.643286573    0.006058317    0.006058203    0.006058216
   21.703406814    0.006001292    0.006001179    0.006001192
   21.763527054    0.005945033    0.005944922    0.005944935
   21.823647295    0.005889528    0.005889418    0.005889431
   21.883767535    0.005834761    0.005834653    0.005834665
   21.943887776    0.005780719    0.005780612    0.005780625
   22.004008016    0.005727389    0.005727283    0.005727295
   22.064128257    0.005674757    0.005674652    0.005674664
   22.124248497    0.005622810    0.005622707    0.005622719
   22.184368737    0.005571537    0.005571435    0.005571447
   22.244488978    0.005520926    0.005520825    0.005520837
   22.304609218    0.005470964    0.005470864    0.005470876
   22.364729459    0.005421640    0.005421541    0.005421553
   22.424849699    0.005372943    0.005372845    0.005372857
   22.484969940    0.005324861    0.005324765    0.005324777
   22.545090180    0.005277386    0.005277291    0.005277302
   22.605210421    0.005230505    0.005230411    0.005230422
   22.665330661    0.005184209    0.005184117    0.005184128
   22.725450902    0.005138489    0.005138397    0.005138408
   22.785571142    0.005093333    0.005093242    0.005093253
   22.845691383    0.005048733    0.005048644    0.005048654
   22.905811623    0.005004680    0.005004592    0.005004602
   22.965931864    0.004961165    0.004961077    0.004961087
   23.026052104    0.004918178    0.004918091    0.004918101
   23.086172345    0.004875711    0.004875625    0.004875635
   23.146292585    0.004833756    0.004833671    0.004833681
   23.206412826    0.004792304    0.004792220    0.004792230
   23.266533066    0.004751348    0.004751265    0.004751274
   23.326653307    0.004710879    0.004710796    0.004710806
   23.386773547    0.004670889    0.004670808    0.004670817
   23.446893788    0.004631372    0.004631291    0.004631301
   23.507014028    0.004592319    0.004592239    0.004592249
   23.567134269    0.004553723    0.004553645    0.004553654
   23.627254509    0.004515578    0.004515500    0.004515510
   23.687374749    0.004477876    0.004477799    0.004477808
   23.747494990    0.004440611    0.004440535    0.004440544
   23.807615230    0.004403775    0.004403700    0.004403709
   23.867735471    0.004367363    0.004367288    0.004367297
   23.927855711    0.004331367    0.004331293    0.004331302
   23.987975952    0.004295782    0.004295709    0.004295717
   24.048096192    0.004260601    0.004260529    0.004260537
   24.108216433    0.004225818    0.004225747    0.004225755
   24.168336673    0.004191428    0.004191357    0.004191365
   24.228456914    0.004157424    0.004157354    0.004157362
   24.288577154    0.004123801    0.004123731    0.004123739
   24.348697395    0.004090553    0.004090484    0.004090492
   24.408817635    0.004057675    0.004057606    0.004057614
   24.468937876    0.004025161    0.004025093    0.004025101
   24.529058116    0.003993006    0.003992939    0.003992947
   24.589178357    0.003961204    0.003961138    0.003961146
   24.649298597    0.003929752    0.003929686    0.003929694
   24.709418838    0.003898643    0.003898578    0.003898586
   24.769539078    0.003867873    0.003867809    0.003867816
   24.829659319    0.003837437    0.003837373    0.003837381
   24.889779559    0.003807330    0.003807267    0.003807275
   24.949899800    0.003777548    0.003777486    0.003777493
   25.010020040    0.003748086    0.003748024    0.003748031
   25.070140281    0.003718940    0.003718878    0.003718885
   25.130260521    0.003690104    0.003690043    0.003690050
   25.190380762    0.003661576    0.003661515    0.003661522
   25.250501002    0.003633350    0.003633290    0.003633297
   25.310621242    0.003605422    0.003605363    0.003605370
   25.370741483    0.003577789    0.003577730    0.003577737
   25.430861723    0.003550446    0.003550388    0.003550395
   25.490981964    0.003523389    0.003523332    0.003523338
   25.551102204    0.003496615    0.003496558    0.003496565
   25.611222445    0.003470120    0.003470063    0.003470070
   25.671342685    0.003443899    0.003443843    0.003443849
   25.731462926    0.003417949    0.003417894    0.003417900
   25.791583166    0.003392267    0.003392212    0.003392219
   25.851703407    0.003366849    0.003366795    0.003366801
   25.911823647    0.003341692    0.003341638    0.003341644
   25.971943888    0.003316791    0.003316738    0.003316744
   26.032064128    0.003292144    0.003292091    0.003292097
   26.092184369    0.003267748    0.003267695    0.003267701
   26.152304609    0.003243598    0.003243546    0.003243552
   26.212424850    0.003219692    0.003219640    0.003219646
   26.272545090    0.003196027    0.003195975    0.003195981
   26.332665331    0.003172599    0.003172548    0.003172554
   26.392785571    0.003149405    0.003149355    0.003149361
   26.452905812    0.003126443    0.003126393    0.003126399
   26.513026052    0.003103710    0.003103660    0.003103666
   26.573146293    0.003081202    0.003081152    0.003081158
   26.633266533    0.003058916    0.003058867    0.003058873
   26.693386774    0.003036850    0.003036802    0.003036807
   26.753507014    0.003015001    0.003014953    0.003014959
   26.813627255    0.002993367    0.002993319    0.002993325
   26.873747495    0.002971944    0.002971896    0.002971902
   26.933867735    0.002950729    0.002950683    0.002950688
   26.993987976    0.002929721    0.002929675    0.002929680
   27.054108216    0.002908917    0.002908871    0.002908876
   27.114228457    0.002888314    0.002888268    0.002888274
   27.174348697    0.002867909    0.002867864    0.002867869
   27.234468938    0.002847701    0.002847656    0.002847661
   27.294589178    0.002827686    0.002827642    0.002827647
   27.354709419    0.002807863    0.002807819    0.002807824
   27.414829659    0.002788229    0.002788185    0.002788190
   27.474949900    0.002768782    0.002768738    0.002768743
   27.535070140    0.002749519    0.002749476    0.002749481
   27.595190381    0.002730438    0.002730395    0.002730400
   27.655310621    0.002711537    0.002711495    0.002711500
   27.715430862    0.002692814    0.002692772    0.002692777
   27.775551102    0.002674267    0.002674225    0.002674230
   27.835671343    0.002655893    0.002655852    0.002655856
   27.895791583    0.002637691    0.002637650    0.002637654
   27.955911824    0.002619658    0.002619617    0.002619622
   28.016032064    0.002601793    0.002601752    0.002601757
   28.076152305    0.002584093    0.002584052    0.002584057
   28.136272545    0.002566556    0.002566516    0.002566521
   28.196392786    0.002549181    0.002549142    0.002549146
   28.256513026    0.002531966    0.002531927    0.002531931
   28.316633267    0.002514908    0.002514870    0.002514874
   28.376753507    0.002498007    0.002497968    0.002497973
   28.436873747    0.002481259    0.002481221    0.002481226
   28.496993988    0.002464664    0.002464626    0.002464631
   28.557114228    0.002448220    0.002448182    0.002448186
   28.617234469    0.002431924    0.002431886    0.002431891
   28.677354709    0.002415775    0.002415738    0.002415742
   28.737474950    0.002399772    0.002399735    0.002399739
   28.797595190    0.002383912    0.002383875    0.002383880
   28.857715431    0.002368194    0.002368158    0.002368162
   28.917835671    0.002352617    0.002352581    0.002352585
   28.977955912    0.002337179    0.002337143    0.002337147
   29.038076152    0.002321878    0.002321842    0.002321846
   29.098196393    0.002306712    0.002306677    0.002306681
   29.158316633    0.002291681    0.002291646    0.002291650
   29.218436874    0.002276783    0.002276748    0.002276752
   29.278557114    0.002262015    0.002261981    0.002261985
   29.338677355    0.002247378    0.002247344    0.002247348
   29.398797595    0.002232868    0.002232834    0.002232838
   29.458917836    0.002218486    0.002218452    0.002218456
   29.519038076    0.002204229    0.002204195    0.002204199
   29.579158317    0.002190096    0.002190062    0.002190066
   29.639278557    0.002176085    0.002176052    0.002176056
   29.699398798    0.002162196    0.002162163    0.002162167
   29.759519038    0.002148427    0.002148394    0.002148398
   29.819639279    0.002134776    0.002134744    0.002134747
   29.879759519    0.002121243    0.002121211    0.002121214
   29.939879760    0.002107825    0.002107794    0.002107797
   30.000000000    0.002094523    0.002094491    0.002094495
