# energy grid [eV]     epsr_x  epsr_y  epsr_z
#
    0.000000000   15.628092137   15.628053149   15.628057608
    0.060120240   15.631863589   15.631824598   15.631829058
    0.120240481   15.643191487   15.643152491   15.643156952
    0.180360721   15.662116599   15.662077595   15.662082056
    0.240480962   15.688707326   15.688668310   15.688672772
    0.300601202   15.723060385   15.723021354   15.723025817
    0.360721443   15.765301802   15.765262751   15.765267217
    0.420841683   15.815588202   15.815549129   15.815553597
    0.480961924   15.874108461   15.874069362   15.874073833
    0.541082164   15.941085719   15.941046591   15.941051064
    0.601202405   16.016779829   16.016740668   16.016745144
    0.661322645   16.101490279   16.101451081   16.101455561
    0.721442886   16.195559664   16.195520426   16.195524910
    0.781563126   16.299377793   16.299338511   16.299342999
    0.841683367   16.413386536   16.413347208   16.413351701
    0.901803607   16.538085544   16.538046165   16.538050662
    0.961923848   16.674038994   16.673999560   16.674004063
    1.022044088   16.821883579   16.821844088   16.821848596
    1.082164329   16.982337983   16.982298430   16.982302944
    1.142284569   17.156214154   17.156174536   17.156179056
    1.202404810   17.344430799   17.344391113   17.344395638
    1.262525050   17.548029592   17.547989832   17.547994365
    1.322645291   17.768194775   17.768154940   17.768159479
    1.382765531   18.006277016   18.006237100   18.006241647
    1.442885772   18.263822639   18.263782639   18.263787193
    1.503006012   18.542609757   18.542569670   18.542574231
    1.563126253   18.844693308   18.844653130   18.844657699
    1.623246493   19.172461753   19.172421479   19.172426056
    1.683366733   19.528709216   19.528668843   19.528673428
    1.743486974   19.916728384   19.916687908   19.916692501
    1.803607214   20.340431682   20.340391100   20.340395701
    1.863727455   20.804511642   20.804470950   20.804475559
    1.923847695   21.314656486   21.314615680   21.314620297
    1.983967936   21.877844977   21.877804053   21.877808679
    2.044088176   22.502757189   22.502716145   22.502720778
    2.104208417   23.200357894   23.200316727   23.200321367
    2.164328657   23.984740527   23.984699234   23.984703880
    2.224448898   24.874364661   24.874323239   24.874327891
    2.284569138   25.893863423   25.893821873   25.893826529
    2.344689379   27.076517939   27.076476260   27.076480919
    2.404809619   28.466577249   28.466535443   28.466540101
    2.464929860   30.114824866   30.114782934   30.114787589
    2.525050100   32.032610838   32.032568774   32.032573419
    2.585170341   34.049401017   34.049358802   34.049363431
    2.645290581   35.861736157   35.861693825   35.861698433
    2.705410822   36.786335475   36.786292891   36.786297355
    2.765531062   35.858392585   35.858349442   35.858353936
    2.825651303   33.931443174   33.931399489   33.931404315
    2.885771543   32.310936801   32.310892681   32.310897843
    2.945891784   31.212036123   31.211991807   31.211997010
    3.006012024   30.278828992   30.278784675   30.278789524
    3.066132265   28.837750952   28.837706474   28.837711113
    3.126252505   27.867033682   27.866988986   27.866993698
    3.186372745   27.718997531   27.718952583   27.718957355
    3.246492986   27.571039473   27.570994426   27.570999181
    3.306613226   27.374797374   27.374752304   27.374757322
    3.366733467   27.163873326   27.163828072   27.163833737
    3.426853707   27.358552085   27.358506337   27.358512753
    3.486973948   27.453612014   27.453565875   27.453572626
    3.547094188   26.647735713   26.647689643   26.647696262
    3.607214429   23.556223097   23.556177044   23.556183449
    3.667334669   17.935406069   17.935359869   17.935366022
    3.727454910   10.069865849   10.069819364   10.069825415
    3.787575150    0.655571673    0.655524607    0.655530704
    3.847695391   -7.115500683   -7.115548644   -7.115542415
    3.907815631  -10.838979792  -10.839028473  -10.839022231
    3.967935872  -12.896493157  -12.896542225  -12.896536224
    4.028056112  -12.807587367  -12.807637019  -12.807631133
    4.088176353  -11.649354596  -11.649405088  -11.649399153
    4.148296593  -11.683913392  -11.683964409  -11.683958516
    4.208416834  -12.219355445  -12.219406588  -12.219400949
    4.268537074  -12.032989399  -12.033040520  -12.033035248
    4.328657315  -10.493229343  -10.493280777  -10.493275631
    4.388777555   -8.915554704   -8.915606877   -8.915601604
    4.448897796   -8.689394154   -8.689447138   -8.689441634
    4.509018036  -10.245923439  -10.245976890  -10.245971239
    4.569138277  -12.290181846  -12.290235347  -12.290229592
    4.629258517  -13.239000592  -13.239054102  -13.239048397
    4.689378758  -12.965099036  -12.965152669  -12.965147089
    4.749498998  -12.271208682  -12.271262866  -12.271257174
    4.809619238  -11.526658110  -11.526713146  -11.526707112
    4.869739479  -11.327890933  -11.327946862  -11.327940482
    4.929859719  -11.748975787  -11.749032549  -11.749026077
    4.989979960  -12.238714973  -12.238772412  -12.238766059
    5.050100200  -12.581216548  -12.581274709  -12.581268277
    5.110220441  -12.288447320  -12.288506376  -12.288499598
    5.170340681  -11.438385378  -11.438445219  -11.438438078
    5.230460922  -10.660442871  -10.660503307  -10.660496028
    5.290581162  -10.270818405  -10.270879439  -10.270872245
    5.350701403  -10.549299514  -10.549361218  -10.549354053
    5.410821643  -11.174000937  -11.174063302  -11.174056022
    5.470941884  -11.414698072  -11.414761194  -11.414753661
    5.531062124  -11.051314021  -11.051378022  -11.051370259
    5.591182365  -10.442867465  -10.442932601  -10.442924748
    5.651302605   -9.917342450   -9.917408827   -9.917400860
    5.711422846   -9.600736363   -9.600803888   -9.600795826
    5.771543086   -9.377705090   -9.377773741   -9.377765788
    5.831663327   -9.294797097   -9.294866891   -9.294858903
    5.891783567   -9.564963830   -9.565034802   -9.565026365
    5.951903808   -9.657844172   -9.657915947   -9.657907214
    6.012024048   -9.374331442   -9.374403693   -9.374395079
    6.072144289   -8.989954820   -8.990028007   -8.990019465
    6.132264529   -8.727964305   -8.728038905   -8.728030257
    6.192384770   -8.495333874   -8.495410002   -8.495401249
    6.252505010   -8.224178162   -8.224256085   -8.224247030
    6.312625251   -8.065460492   -8.065540269   -8.065530762
    6.372745491   -8.091667448   -8.091748866   -8.091738963
    6.432865731   -8.016348457   -8.016431534   -8.016421363
    6.492985972   -7.762402964   -7.762488076   -7.762477591
    6.553106212   -7.501331521   -7.501418584   -7.501407796
    6.613226453   -7.415808673   -7.415897816   -7.415886801
    6.673346693   -7.314440824   -7.314532562   -7.314521242
    6.733466934   -7.071375046   -7.071469459   -7.071457800
    6.793587174   -6.814188373   -6.814285282   -6.814273270
    6.853707415   -6.703364786   -6.703464170   -6.703451852
    6.913827655   -6.647003538   -6.647105588   -6.647093156
    6.973947896   -6.542872961   -6.542977917   -6.542965414
    7.034068136   -6.421383193   -6.421491280   -6.421478599
    7.094188377   -6.302216040   -6.302327451   -6.302314642
    7.154308617   -6.192182354   -6.192297460   -6.192284386
    7.214428858   -6.058907163   -6.059026563   -6.059012923
    7.274549098   -5.892826276   -5.892950376   -5.892936013
    7.334669339   -5.754232424   -5.754361512   -5.754346339
    7.394789579   -5.691180581   -5.691315120   -5.691299157
    7.454909820   -5.626981405   -5.627121961   -5.627105261
    7.515030060   -5.514908135   -5.515055264   -5.515037864
    7.575150301   -5.402344477   -5.402498989   -5.402480755
    7.635270541   -5.283223809   -5.283386632   -5.283367349
    7.695390782   -5.157602111   -5.157774233   -5.157753789
    7.755511022   -5.051627403   -5.051809948   -5.051788367
    7.815631263   -4.970026047   -4.970220521   -4.970197539
    7.875751503   -4.936237496   -4.936445785   -4.936421129
    7.935871743   -4.897393795   -4.897618161   -4.897591646
    7.995991984   -4.797823797   -4.798067037   -4.798038375
    8.056112224   -4.625201591   -4.625467185   -4.625435867
    8.116232465   -4.441279052   -4.441571645   -4.441537104
    8.176352705   -4.326625808   -4.326951675   -4.326913231
    8.236472946   -4.266674099   -4.267041837   -4.266998485
    8.296593186   -4.249891608   -4.250312938   -4.250263298
    8.356713427   -4.251920715   -4.252411765   -4.252353962
    8.416833667   -4.208117556   -4.208699279   -4.208630826
    8.476953908   -4.107072996   -4.107762483   -4.107681352
    8.537074148   -3.984979046   -3.985728514   -3.985640319
    8.597194389   -3.835308411   -3.835761288   -3.835707990
    8.657314629   -3.708272191   -3.707917605   -3.707959267
    8.717434870   -3.653593728   -3.652884655   -3.652967910
    8.777555110   -3.645373867   -3.644710386   -3.644788232
    8.837675351   -3.639043601   -3.638487985   -3.638553201
    8.897795591   -3.599731678   -3.599268798   -3.599323177
    8.957915832   -3.511196187   -3.510804908   -3.510850880
    9.018036072   -3.405360476   -3.405024174   -3.405063697
    9.078156313   -3.297107730   -3.296814321   -3.296848804
    9.138276553   -3.198334476   -3.198075124   -3.198105615
    9.198396794   -3.121850487   -3.121618681   -3.121645947
    9.258517034   -3.075744375   -3.075535313   -3.075559885
    9.318637275   -3.055307023   -3.055117102   -3.055139403
    9.378757515   -3.031739074   -3.031565435   -3.031585841
    9.438877756   -2.984958875   -2.984799300   -2.984818080
    9.498997996   -2.906345893   -2.906198594   -2.906215927
    9.559118236   -2.820787596   -2.820651017   -2.820667074
    9.619238477   -2.747907398   -2.747780293   -2.747795232
    9.679358717   -2.682932787   -2.682814125   -2.682828072
    9.739478958   -2.629184783   -2.629073692   -2.629086764
    9.799599198   -2.588888918   -2.588784671   -2.588796982
    9.859719439   -2.559445901   -2.559347829   -2.559359445
    9.919839679   -2.530812082   -2.530719648   -2.530730616
    9.979959920   -2.479587218   -2.479499986   -2.479510351
   10.040080160   -2.417855331   -2.417772925   -2.417782708
   10.100200401   -2.358873289   -2.358795362   -2.358804584
   10.160320641   -2.303638031   -2.303564258   -2.303572986
   10.220440882   -2.260145964   -2.260076086   -2.260084380
   10.280561122   -2.215776492   -2.215710241   -2.215718125
   10.340681363   -2.177260264   -2.177197341   -2.177204836
   10.400801603   -2.147625373   -2.147565633   -2.147572722
   10.460921844   -2.127318519   -2.127261925   -2.127268563
   10.521042084   -2.100660749   -2.100607168   -2.100613381
   10.581162325   -2.054717279   -2.054666487   -2.054672362
   10.641282565   -1.995450650   -1.995402440   -1.995408033
   10.701402806   -1.943193237   -1.943147512   -1.943152820
   10.761523046   -1.911098150   -1.911054895   -1.911059876
   10.821643287   -1.892018372   -1.891977513   -1.891982173
   10.881763527   -1.869210032   -1.869171470   -1.869175804
   10.941883768   -1.841709873   -1.841673572   -1.841677609
   11.002004008   -1.809580301   -1.809546226   -1.809550056
   11.062124248   -1.771931511   -1.771899599   -1.771903236
   11.122244489   -1.729606389   -1.729576606   -1.729580043
   11.182364729   -1.687488330   -1.687460650   -1.687463917
   11.242484970   -1.643073789   -1.643048215   -1.643051311
   11.302605210   -1.608195129   -1.608171686   -1.608174572
   11.362725451   -1.578293626   -1.578272340   -1.578274980
   11.422845691   -1.553713182   -1.553694129   -1.553696466
   11.482965932   -1.536073747   -1.536057023   -1.536059018
   11.543086172   -1.512573162   -1.512558869   -1.512560547
   11.603206413   -1.478946797   -1.478935028   -1.478936417
   11.663326653   -1.444880380   -1.444871228   -1.444872317
   11.723446894   -1.414137270   -1.414130853   -1.414131635
   11.783567134   -1.379468673   -1.379465183   -1.379465626
   11.843687375   -1.350250973   -1.350250701   -1.350250757
   11.903807615   -1.332122937   -1.332126266   -1.332125887
   11.963927856   -1.314791867   -1.314799291   -1.314798391
   12.024048096   -1.294405447   -1.294417540   -1.294416018
   12.084168337   -1.275168854   -1.275186199   -1.275184016
   12.144288577   -1.253077012   -1.253100339   -1.253097471
   12.204408818   -1.227169446   -1.227199865   -1.227196192
   12.264529058   -1.194622612   -1.194661720   -1.194657017
   12.324649299   -1.157250762   -1.157300726   -1.157294730
   12.384769539   -1.124212466   -1.124276261   -1.124268645
   12.444889780   -1.097092592   -1.097174214   -1.097164518
   12.505010020   -1.080799928   -1.080903944   -1.080891624
   12.565130261   -1.067976391   -1.068102456   -1.068087573
   12.625250501   -1.051181539   -1.051293849   -1.051280628
   12.685370741   -1.029596963   -1.029572684   -1.029575540
   12.745490982   -1.004283620   -1.004117976   -1.004137467
   12.805611222   -0.978021397   -0.977838894   -0.977860382
   12.865731463   -0.950240182   -0.950079304   -0.950098258
   12.925851703   -0.922435775   -0.922297402   -0.922313718
   12.985971944   -0.898996840   -0.898876390   -0.898890602
   13.046092184   -0.882617163   -0.882510520   -0.882523104
   13.106212425   -0.870911936   -0.870816056   -0.870827348
   13.166332665   -0.856915139   -0.856827835   -0.856838069
   13.226452906   -0.836507224   -0.836426881   -0.836436268
   13.286573146   -0.813841500   -0.813766893   -0.813775610
   13.346693387   -0.793268077   -0.793198283   -0.793206442
   13.406813627   -0.773851501   -0.773785818   -0.773793490
   13.466933868   -0.754190237   -0.754128116   -0.754135358
   13.527054108   -0.736630743   -0.736571736   -0.736578618
   13.587174349   -0.722288779   -0.722232521   -0.722239096
   13.647294589   -0.709524353   -0.709470559   -0.709476849
   13.707414830   -0.695300456   -0.695248881   -0.695254893
   13.767535070   -0.678991226   -0.678941662   -0.678947417
   13.827655311   -0.660691406   -0.660643655   -0.660649204
   13.887775551   -0.641933066   -0.641886980   -0.641892346
   13.947895792   -0.624831885   -0.624787332   -0.624792522
   14.008016032   -0.610027168   -0.609984020   -0.609989053
   14.068136273   -0.594607354   -0.594565509   -0.594570397
   14.128256513   -0.580989721   -0.580949091   -0.580953829
   14.188376754   -0.568644891   -0.568605405   -0.568609995
   14.248496994   -0.555188935   -0.555150519   -0.555154967
   14.308617234   -0.540799735   -0.540762314   -0.540766630
   14.368737475   -0.527310708   -0.527274228   -0.527278431
   14.428857715   -0.515624705   -0.515589109   -0.515593218
   14.488977956   -0.503309084   -0.503274319   -0.503278342
   14.549098196   -0.493811220   -0.493777239   -0.493781179
   14.609218437   -0.486213972   -0.486180757   -0.486184608
   14.669338677   -0.476444236   -0.476411752   -0.476415520
   14.729458918   -0.464092059   -0.464060269   -0.464063965
   14.789579158   -0.449789829   -0.449758698   -0.449762334
   14.849699399   -0.436326244   -0.436295712   -0.436299293
   14.909819639   -0.425914647   -0.425884667   -0.425888202
   14.969939880   -0.415872956   -0.415843544   -0.415847018
   15.030060120   -0.403430743   -0.403401887   -0.403405303
   15.090180361   -0.389656760   -0.389628441   -0.389631795
   15.150300601   -0.375958077   -0.375930279   -0.375933566
   15.210420842   -0.362359339   -0.362332040   -0.362335263
   15.270541082   -0.349919053   -0.349892235   -0.349895393
   15.330661323   -0.337825118   -0.337798767   -0.337801861
   15.390781563   -0.325087362   -0.325061461   -0.325064504
   15.450901804   -0.311589585   -0.311564119   -0.311567118
   15.511022044   -0.298149890   -0.298124848   -0.298127790
   15.571142285   -0.285464928   -0.285440289   -0.285443179
   15.631262525   -0.274525088   -0.274500835   -0.274503686
   15.691382766   -0.263907844   -0.263883974   -0.263886784
   15.751503006   -0.252700449   -0.252676961   -0.252679724
   15.811623246   -0.241561595   -0.241538477   -0.241541197
   15.871743487   -0.230658137   -0.230635369   -0.230638051
   15.931863727   -0.220414779   -0.220392348   -0.220394992
   15.991983968   -0.210274447   -0.210252343   -0.210254945
   16.052104208   -0.199828549   -0.199806763   -0.199809321
   16.112224449   -0.189008331   -0.188986855   -0.188989373
   16.172344689   -0.177932729   -0.177911564   -0.177914045
   16.232464930   -0.167046557   -0.167025699   -0.167028147
   16.292585170   -0.157160979   -0.157140420   -0.157142832
   16.352705411   -0.148210429   -0.148190161   -0.148192536
   16.412825651   -0.139114109   -0.139094121   -0.139096460
   16.472945892   -0.129516348   -0.129496625   -0.129498931
   16.533066132   -0.119401039   -0.119381574   -0.119383848
   16.593186373   -0.109399731   -0.109380524   -0.109382770
   16.653306613   -0.100031135   -0.100012187   -0.100014400
   16.713426854   -0.090704029   -0.090685341   -0.090687515
   16.773547094   -0.081397401   -0.081378968   -0.081381106
   16.833667335   -0.072388598   -0.072370416   -0.072372524
   16.893787575   -0.063446528   -0.063428592   -0.063430671
   16.953907816   -0.054552266   -0.054534565   -0.054536622
   17.014028056   -0.046107262   -0.046089786   -0.046091824
   17.074148297   -0.037692463   -0.037675209   -0.037677224
   17.134268537   -0.028917547   -0.028900522   -0.028902510
   17.194388778   -0.020236170   -0.020219376   -0.020221339
   17.254509018   -0.011857070   -0.011840501   -0.011842439
   17.314629259   -0.003700334   -0.003683985   -0.003685903
   17.374749499    0.004459799    0.004475925    0.004474030
   17.434869739    0.012658057    0.012673956    0.012672085
   17.494989980    0.020694184    0.020709856    0.020708010
   17.555110220    0.028636530    0.028651972    0.028650155
   17.615230461    0.036409163    0.036424369    0.036422582
   17.675350701    0.044108903    0.044123865    0.044122112
   17.735470942    0.051754436    0.051769144    0.051767426
   17.795591182    0.059408087    0.059422533    0.059420848
   17.855711423    0.067027458    0.067041629    0.067039975
   17.915831663    0.074574263    0.074588137    0.074586516
   17.975951904    0.082016598    0.082030147    0.082028563
   18.036072144    0.089402773    0.089415956    0.089414414
   18.096192385    0.096703300    0.096716060    0.096714568
   18.156312625    0.103890723    0.103902979    0.103901547
   18.216432866    0.110950635    0.110962282    0.110960921
   18.276553106    0.117889608    0.117900576    0.117899293
   18.336673347    0.124715958    0.124726560    0.124725320
   18.396793587    0.131433544    0.131445785    0.131444352
   18.456913828    0.138045339    0.138061476    0.138059584
   18.517034068    0.144562788    0.144580267    0.144578218
   18.577154309    0.150989112    0.151006160    0.151004162
   18.637274549    0.157325898    0.157342279    0.157340359
   18.697394790    0.163576001    0.163591802    0.163589951
   18.757515030    0.169742325    0.169757653    0.169755857
   18.817635271    0.175827526    0.175842465    0.175840715
   18.877755511    0.181834012    0.181848622    0.181846911
   18.937875752    0.187763979    0.187778304    0.187776626
   18.997995992    0.193619449    0.193633521    0.193631874
   19.058116232    0.199402298    0.199416143    0.199414522
   19.118236473    0.205114277    0.205127915    0.205126319
   19.178356713    0.210757033    0.210770480    0.210768905
   19.238476954    0.216332117    0.216345386    0.216343832
   19.298597194    0.221841002    0.221854103    0.221852569
   19.358717435    0.227285086    0.227298028    0.227296513
   19.418837675    0.232665703    0.232678493    0.232676996
   19.478957916    0.237984127    0.237996773    0.237995293
   19.539078156    0.243241581    0.243254088    0.243252625
   19.599198397    0.248439239    0.248451612    0.248450164
   19.659318637    0.253578227    0.253590471    0.253589038
   19.719438878    0.258659635    0.258671754    0.258670336
   19.779559118    0.263684510    0.263696508    0.263695104
   19.839679359    0.268653867    0.268665747    0.268664357
   19.899799599    0.273568686    0.273580451    0.273579074
   19.959919840    0.278429916    0.278441569    0.278440205
   20.020040080    0.283238477    0.283250021    0.283248670
   20.080160321    0.287995262    0.288006699    0.288005361
   20.140280561    0.292701137    0.292712471    0.292711145
   20.200400802    0.297356946    0.297368177    0.297366863
   20.260521042    0.301963505    0.301974637    0.301973334
   20.320641283    0.306521614    0.306532647    0.306531356
   20.380761523    0.311032046    0.311042983    0.311041703
   20.440881764    0.315495557    0.315506400    0.315505131
   20.501002004    0.319912885    0.319923635    0.319922377
   20.561122244    0.324284746    0.324295406    0.324294159
   20.621242485    0.328611843    0.328622413    0.328621176
   20.681362725    0.332894857    0.332905340    0.332904114
   20.741482966    0.337134458    0.337144854    0.337143638
   20.801603206    0.341331297    0.341341608    0.341340402
   20.861723447    0.345486012    0.345496239    0.345495043
   20.921843687    0.349599224    0.349609369    0.349608183
   20.981963928    0.353671544    0.353681608    0.353680431
   21.042084168    0.357703566    0.357713551    0.357712383
   21.102204409    0.361695874    0.361705780    0.361704621
   21.162324649    0.365649038    0.365658866    0.365657717
   21.222444890    0.369563615    0.369573368    0.369572227
   21.282565130    0.373440154    0.373449831    0.373448699
   21.342685371    0.377279188    0.377288791    0.377287668
   21.402805611    0.381081243    0.381090773    0.381089658
   21.462925852    0.384846832    0.384856290    0.384855183
   21.523046092    0.388576459    0.388585845    0.388584748
   21.583166333    0.392270617    0.392279934    0.392278844
   21.643286573    0.395929792    0.395939039    0.395937957
   21.703406814    0.399554456    0.399563635    0.399562561
   21.763527054    0.403145076    0.403154188    0.403153122
   21.823647295    0.406702109    0.406711154    0.406710096
   21.883767535    0.410226002    0.410234981    0.410233931
   21.943887776    0.413717195    0.413726110    0.413725067
   22.004008016    0.417176120    0.417184970    0.417183935
   22.064128257    0.420603200    0.420611987    0.420610960
   22.124248497    0.423998852    0.424007576    0.424006556
   22.184368737    0.427363482    0.427372146    0.427371132
   22.244488978    0.430697494    0.430706096    0.430705090
   22.304609218    0.434001280    0.434009822    0.434008823
   22.364729459    0.437275227    0.437283710    0.437282718
   22.424849699    0.440519716    0.440528139    0.440527154
   22.484969940    0.443735119    0.443743485    0.443742507
   22.545090180    0.446921805    0.446930113    0.446929141
   22.605210421    0.450080133    0.450088384    0.450087419
   22.665330661    0.453210458    0.453218653    0.453217695
   22.725450902    0.456313129    0.456321269    0.456320317
   22.785571142    0.459388488    0.459396573    0.459395627
   22.845691383    0.462436872    0.462444903    0.462443964
   22.905811623    0.465458612    0.465466590    0.465465657
   22.965931864    0.468454035    0.468461960    0.468461033
   23.026052104    0.471423460    0.471431332    0.471430412
   23.086172345    0.474367203    0.474375023    0.474374109
   23.146292585    0.477285574    0.477293343    0.477292434
   23.206412826    0.480178877    0.480186595    0.480185693
   23.266533066    0.483047413    0.483055081    0.483054185
   23.326653307    0.485891478    0.485899096    0.485898205
   23.386773547    0.488711360    0.488718930    0.488718045
   23.446893788    0.491507348    0.491514869    0.491513990
   23.507014028    0.494279722    0.494287195    0.494286321
   23.567134269    0.497028759    0.497036184    0.497035316
   23.627254509    0.499754732    0.499762110    0.499761247
   23.687374749    0.502457909    0.502465241    0.502464384
   23.747494990    0.505138555    0.505145841    0.505144989
   23.807615230    0.507796931    0.507804171    0.507803324
   23.867735471    0.510433291    0.510440487    0.510439645
   23.927855711    0.513047890    0.513055041    0.513054205
   23.987975952    0.515640975    0.515648081    0.515647251
   24.048096192    0.518212792    0.518219854    0.518219028
   24.108216433    0.520763581    0.520770600    0.520769779
   24.168336673    0.523293579    0.523300556    0.523299740
   24.228456914    0.525803022    0.525809956    0.525809146
   24.288577154    0.528292140    0.528299032    0.528298226
   24.348697395    0.530761160    0.530768010    0.530767209
   24.408817635    0.533210305    0.533217114    0.533216318
   24.468937876    0.535639796    0.535646564    0.535645773
   24.529058116    0.538049851    0.538056579    0.538055792
   24.589178357    0.540440684    0.540447372    0.540446590
   24.649298597    0.542812505    0.542819154    0.542818376
   24.709418838    0.545165524    0.545172133    0.545171360
   24.769539078    0.547499945    0.547506515    0.547505747
   24.829659319    0.549815970    0.549822501    0.549821738
   24.889779559    0.552113799    0.552120292    0.552119533
   24.949899800    0.554393627    0.554400083    0.554399328
   25.010020040    0.556655650    0.556662068    0.556661318
   25.070140281    0.558900057    0.558906438    0.558905693
   25.130260521    0.561127038    0.561133382    0.561132641
   25.190380762    0.563336778    0.563343086    0.563342348
   25.250501002    0.565529459    0.565535731    0.565534998
   25.310621242    0.567705264    0.567711500    0.567710771
   25.370741483    0.569864369    0.569870569    0.569869845
   25.430861723    0.572006950    0.572013116    0.572012395
   25.490981964    0.574133182    0.574139313    0.574138596
   25.551102204    0.576243234    0.576249330    0.576248618
   25.611222445    0.578337275    0.578343338    0.578342629
   25.671342685    0.580415473    0.580421501    0.580420796
   25.731462926    0.582477990    0.582483984    0.582483284
   25.791583166    0.584524988    0.584530950    0.584530253
   25.851703407    0.586556628    0.586562557    0.586561864
   25.911823647    0.588573067    0.588578963    0.588578274
   25.971943888    0.590574461    0.590580325    0.590579639
   26.032064128    0.592560963    0.592566794    0.592566113
   26.092184369    0.594532724    0.594538524    0.594537846
   26.152304609    0.596489894    0.596495662    0.596494988
   26.212424850    0.598432620    0.598438357    0.598437686
   26.272545090    0.600361048    0.600366754    0.600366087
   26.332665331    0.602275322    0.602280998    0.602280334
   26.392785571    0.604175584    0.604181228    0.604180569
   26.452905812    0.606061972    0.606067587    0.606066931
   26.513026052    0.607934627    0.607940211    0.607939559
   26.573146293    0.609793683    0.609799238    0.609798589
   26.633266533    0.611639276    0.611644802    0.611644156
   26.693386774    0.613471539    0.613477035    0.613476393
   26.753507014    0.615290602    0.615296070    0.615295431
   26.813627255    0.617096596    0.617102035    0.617101399
   26.873747495    0.618889648    0.618895059    0.618894427
   26.933867735    0.620669886    0.620675268    0.620674639
   26.993987976    0.622437432    0.622442786    0.622442161
   27.054108216    0.624192411    0.624197738    0.624197115
   27.114228457    0.625934945    0.625940244    0.625939625
   27.174348697    0.627665153    0.627670425    0.627669809
   27.234468938    0.629383155    0.629388400    0.629387787
   27.294589178    0.631089067    0.631094285    0.631093675
   27.354709419    0.632783005    0.632788196    0.632787589
   27.414829659    0.634465083    0.634470248    0.634469644
   27.474949900    0.636135415    0.636140554    0.636139953
   27.535070140    0.637794112    0.637799225    0.637798627
   27.595190381    0.639441284    0.639446371    0.639445776
   27.655310621    0.641077040    0.641082101    0.641081510
   27.715430862    0.642701488    0.642706523    0.642705935
   27.775551102    0.644314733    0.644319743    0.644319158
   27.835671343    0.645916881    0.645921867    0.645921284
   27.895791583    0.647508036    0.647512996    0.647512417
   27.955911824    0.649088299    0.649093235    0.649092658
   28.016032064    0.650657773    0.650662685    0.650662110
   28.076152305    0.652216557    0.652221444    0.652220873
   28.136272545    0.653764750    0.653769613    0.653769045
   28.196392786    0.655302449    0.655307289    0.655306723
   28.256513026    0.656829752    0.656834568    0.656834006
   28.316633267    0.658346754    0.658351547    0.658350986
   28.376753507    0.659853549    0.659858318    0.659857761
   28.436873747    0.661350229    0.661354976    0.661354421
   28.496993988    0.662836888    0.662841612    0.662841060
   28.557114228    0.664313617    0.664318317    0.664317768
   28.617234469    0.665780504    0.665785182    0.665784636
   28.677354709    0.667237640    0.667242295    0.667241751
   28.737474950    0.668685112    0.668689745    0.668689203
   28.797595190    0.670123006    0.670127617    0.670127079
   28.857715431    0.671551410    0.671555999    0.671555463
   28.917835671    0.672970407    0.672974974    0.672974441
   28.977955912    0.674380082    0.674384628    0.674384096
   29.038076152    0.675780517    0.675785042    0.675784513
   29.098196393    0.677171795    0.677176299    0.677175772
   29.158316633    0.678553998    0.678558480    0.678557956
   29.218436874    0.679927204    0.679931665    0.679931143
   29.278557114    0.681291493    0.681295933    0.681295414
   29.338677355    0.682646944    0.682651364    0.682650847
   29.398797595    0.683993634    0.683998034    0.683997519
   29.458917836    0.685331641    0.685336019    0.685335508
   29.519038076    0.686661039    0.686665397    0.686664888
   29.579158317    0.687981903    0.687986242    0.687985735
   29.639278557    0.689294309    0.689298627    0.689298123
   29.699398798    0.690598328    0.690602627    0.690602125
   29.759519038    0.691894034    0.691898314    0.691897814
   29.819639279    0.693181499    0.693185759    0.693185261
   29.879759519    0.694460793    0.694465033    0.694464538
   29.939879760    0.695731986    0.695736207    0.695735714
   30.000000000    0.696995148    0.696999350    0.696998859
