# energy grid [eV]     ieps_x  ieps_y  ieps_z
#
    0.000000000   15.623666598   15.623627619   15.623632077
    0.060120240   15.611279129   15.611240155   15.611244613
    0.120240481   15.587500208   15.587461245   15.587465702
    0.180360721   15.556280170   15.556241221   15.556245677
    0.240480962   15.517776325   15.517737394   15.517741848
    0.300601202   15.472124112   15.472085202   15.472089654
    0.360721443   15.419481987   15.419443102   15.419447551
    0.420841683   15.360030105   15.359991248   15.359995695
    0.480961924   15.293968666   15.293929840   15.293934283
    0.541082164   15.221516116   15.221477325   15.221481765
    0.601202405   15.142907256   15.142868503   15.142872940
    0.661322645   15.058391264   15.058352553   15.058356985
    0.721442886   14.968229682   14.968191015   14.968195443
    0.781563126   14.872694384   14.872655766   14.872660189
    0.841683367   14.772065567   14.772026999   14.772031417
    0.901803607   14.666629764   14.666591251   14.666595663
    0.961923848   14.556677940   14.556639484   14.556643891
    1.022044088   14.442503650   14.442465255   14.442469656
    1.082164329   14.324401309   14.324362979   14.324367373
    1.142284569   14.202664565   14.202626301   14.202630689
    1.202404810   14.077584795   14.077546602   14.077550982
    1.262525050   13.949449733   13.949411614   13.949415986
    1.322645291   13.818542227   13.818504184   13.818508549
    1.382765531   13.685139132   13.685101168   13.685105525
    1.442885772   13.549510336   13.549472455   13.549476803
    1.503006012   13.411917923   13.411880128   13.411884467
    1.563126253   13.272615458   13.272577751   13.272582081
    1.623246493   13.131847398   13.131809781   13.131814101
    1.683366733   12.989848614   12.989811091   12.989815402
    1.743486974   12.846844033   12.846806607   12.846810907
    1.803607214   12.703048365   12.703011038   12.703015328
    1.863727455   12.558665937   12.558628712   12.558632991
    1.923847695   12.413890599   12.413853479   12.413857747
    1.983967936   12.268905716   12.268868703   12.268872960
    2.044088176   12.123884219   12.123847315   12.123851560
    2.104208417   11.978988720   11.978951928   11.978956161
    2.164328657   11.834371677   11.834335000   11.834339221
    2.224448898   11.690175605   11.690139045   11.690143253
    2.284569138   11.546533322   11.546496880   11.546501075
    2.344689379   11.403568225   11.403531904   11.403536087
    2.404809619   11.261394599   11.261358402   11.261362571
    2.464929860   11.120117939   11.120081868   11.120086023
    2.525050100   10.979835286   10.979799343   10.979803484
    2.585170341   10.840635582   10.840599767   10.840603895
    2.645290581   10.702600021   10.702564338   10.702568451
    2.705410822   10.565802417   10.565766869   10.565770967
    2.765531062   10.430309563   10.430274149   10.430278233
    2.825651303   10.296181586   10.296146310   10.296150379
    2.885771543   10.163472312   10.163437175   10.163441228
    2.945891784   10.032229606   10.032194609   10.032198647
    3.006012024    9.902495721    9.902460867    9.902464889
    3.066132265    9.774307630    9.774272920    9.774276926
    3.126252505    9.647697349    9.647662784    9.647666774
    3.186372745    9.522692248    9.522657830    9.522661804
    3.246492986    9.399315357    9.399281087    9.399285044
    3.306613226    9.277585650    9.277551530    9.277555471
    3.366733467    9.157518330    9.157484361    9.157488285
    3.426853707    9.039125087    9.039091271    9.039095178
    3.486973948    8.922414358    8.922380695    8.922384585
    3.547094188    8.807391561    8.807358053    8.807361925
    3.607214429    8.694059331    8.694025978    8.694029833
    3.667334669    8.582417730    8.582384533    8.582388371
    3.727454910    8.472464456    8.472431417    8.472435238
    3.787575150    8.364195038    8.364162158    8.364165960
    3.847695391    8.257603015    8.257570294    8.257574078
    3.907815631    8.152680108    8.152647548    8.152651314
    3.967935872    8.049416386    8.049383987    8.049387735
    4.028056112    7.947800413    7.947768176    7.947771906
    4.088176353    7.847819393    7.847787318    7.847791029
    4.148296593    7.749459299    7.749427387    7.749431081
    4.208416834    7.652705004    7.652673256    7.652676931
    4.268537074    7.557540391    7.557508808    7.557512464
    4.328657315    7.463948465    7.463917046    7.463920684
    4.388777555    7.371911451    7.371880198    7.371883817
    4.448897796    7.281410890    7.281379803    7.281383403
    4.509018036    7.192427725    7.192396804    7.192400385
    4.569138277    7.104942382    7.104911626    7.104915189
    4.629258517    7.018934843    7.018904254    7.018907798
    4.689378758    6.934384719    6.934354297    6.934357822
    4.749498998    6.851271310    6.851241056    6.851244562
    4.809619238    6.769573668    6.769543581    6.769547068
    4.869739479    6.689270647    6.689240728    6.689244195
    4.929859719    6.610340956    6.610311204    6.610314652
    4.989979960    6.532763203    6.532733618    6.532737048
    5.050100200    6.456515938    6.456486521    6.456489932
    5.110220441    6.381577693    6.381548444    6.381551835
    5.170340681    6.307927015    6.307897934    6.307901306
    5.230460922    6.235542499    6.235513585    6.235516938
    5.290581162    6.164402816    6.164374069    6.164377403
    5.350701403    6.094486741    6.094458162    6.094461477
    5.410821643    6.025773177    6.025744765    6.025748061
    5.470941884    5.958241177    5.958212932    5.958216209
    5.531062124    5.891869961    5.891841882    5.891845140
    5.591182365    5.826638935    5.826611023    5.826614262
    5.651302605    5.762527708    5.762499963    5.762503182
    5.711422846    5.699516105    5.699488526    5.699491726
    5.771543086    5.637584178    5.637556764    5.637559945
    5.831663327    5.576712218    5.576684969    5.576688131
    5.891783567    5.516880763    5.516853679    5.516856823
    5.951903808    5.458070610    5.458043691    5.458046816
    6.012024048    5.400262819    5.400236063    5.400239169
    6.072144289    5.343438716    5.343412124    5.343415212
    6.132264529    5.287579907    5.287553478    5.287556546
    6.192384770    5.232668271    5.232642004    5.232645054
    6.252505010    5.178685972    5.178659868    5.178662899
    6.312625251    5.125615458    5.125589515    5.125592527
    6.372745491    5.073439461    5.073413679    5.073416673
    6.432865731    5.022141002    5.022115381    5.022118356
    6.492985972    4.971703389    4.971677928    4.971680885
    6.553106212    4.922110219    4.922084916    4.922087855
    6.613226453    4.873345372    4.873320229    4.873323150
    6.673346693    4.825393020    4.825368035    4.825370938
    6.733466934    4.778237617    4.778212789    4.778215673
    6.793587174    4.731863900    4.731839228    4.731842095
    6.853707415    4.686256888    4.686232373    4.686235221
    6.913827655    4.641401881    4.641377521    4.641380351
    6.973947896    4.597284452    4.597260247    4.597263060
    7.034068136    4.553890452    4.553866401    4.553869196
    7.094188377    4.511206001    4.511182103    4.511184880
    7.154308617    4.469217486    4.469193740    4.469196500
    7.214428858    4.427911560    4.427887966    4.427890708
    7.274549098    4.387275136    4.387251694    4.387254419
    7.334669339    4.347295387    4.347272095    4.347274803
    7.394789579    4.307959738    4.307936595    4.307939285
    7.454909820    4.269255863    4.269232869    4.269235542
    7.515030060    4.231171685    4.231148839    4.231151495
    7.575150301    4.193695369    4.193672669    4.193675309
    7.635270541    4.156815317    4.156792764    4.156795386
    7.695390782    4.120520167    4.120497759    4.120500365
    7.755511022    4.084798787    4.084776525    4.084779114
    7.815631263    4.049640274    4.049618155    4.049620727
    7.875751503    4.015033943    4.015011968    4.015014524
    7.935871743    3.980969333    3.980947500    3.980950039
    7.995991984    3.947436194    3.947414503    3.947417026
    8.056112224    3.914424488    3.914402937    3.914405444
    8.116232465    3.881924384    3.881902973    3.881905464
    8.176352705    3.849926253    3.849904981    3.849907455
    8.236472946    3.818420665    3.818399531    3.818401990
    8.296593186    3.787398386    3.787377389    3.787379832
    8.356713427    3.756850372    3.756829512    3.756831939
    8.416833667    3.726767767    3.726747042    3.726749453
    8.476953908    3.697141898    3.697121308    3.697123704
    8.537074148    3.667964273    3.667943817    3.667946197
    8.597194389    3.639226574    3.639206251    3.639208616
    8.657314629    3.610920659    3.610900468    3.610902818
    8.717434870    3.583038552    3.583018493    3.583020827
    8.777555110    3.555572443    3.555552515    3.555554834
    8.837675351    3.528514686    3.528494887    3.528497191
    8.897795591    3.501857791    3.501838121    3.501840410
    8.957915832    3.475594426    3.475574883    3.475577158
    9.018036072    3.449717407    3.449697992    3.449700252
    9.078156313    3.424219704    3.424200415    3.424202660
    9.138276553    3.399094427    3.399075264    3.399077494
    9.198396794    3.374334834    3.374315795    3.374318011
    9.258517034    3.349934317    3.349915402    3.349917604
    9.318637275    3.325886409    3.325867617    3.325869804
    9.378757515    3.302184773    3.302166103    3.302168276
    9.438877756    3.278823204    3.278804655    3.278806814
    9.498997996    3.255795625    3.255777196    3.255779342
    9.559118236    3.233096083    3.233077774    3.233079906
    9.619238477    3.210718748    3.210700557    3.210702675
    9.679358717    3.188657908    3.188639835    3.188641940
    9.739478958    3.166907970    3.166890014    3.166892105
    9.799599198    3.145463454    3.145445614    3.145447691
    9.859719439    3.124318991    3.124301266    3.124303330
    9.919839679    3.103469322    3.103451712    3.103453763
    9.979959920    3.082909297    3.082891801    3.082893838
   10.040080160    3.062633868    3.062616485    3.062618509
   10.100200401    3.042638090    3.042620818    3.042622830
   10.160320641    3.022917117    3.022899957    3.022901955
   10.220440882    3.003466204    3.003449154    3.003451140
   10.280561122    2.984280698    2.984263758    2.984265730
   10.340681363    2.965356041    2.965339210    2.965341170
   10.400801603    2.946687768    2.946671044    2.946672992
   10.460921844    2.928271500    2.928254884    2.928256819
   10.521042084    2.910102949    2.910086440    2.910088363
   10.581162325    2.892177912    2.892161508    2.892163418
   10.641282565    2.874492266    2.874475967    2.874477866
   10.701402806    2.857041975    2.857025780    2.857027667
   10.761523046    2.839823081    2.839806989    2.839808863
   10.821643287    2.822831702    2.822815713    2.822817575
   10.881763527    2.806064035    2.806048148    2.806049999
   10.941883768    2.789516353    2.789500567    2.789502406
   11.002004008    2.773185000    2.773169314    2.773171142
   11.062124248    2.757066392    2.757050806    2.757052622
   11.122244489    2.741157016    2.741141528    2.741143333
   11.182364729    2.725453427    2.725438037    2.725439830
   11.242484970    2.709952246    2.709936954    2.709938735
   11.302605210    2.694650162    2.694634966    2.694636737
   11.362725451    2.679543927    2.679528827    2.679530586
   11.422845691    2.664630354    2.664615349    2.664617097
   11.482965932    2.649906320    2.649891410    2.649893147
   11.543086172    2.635368762    2.635353945    2.635355671
   11.603206413    2.621014673    2.620999949    2.621001665
   11.663326653    2.606841107    2.606826476    2.606828181
   11.723446894    2.592845172    2.592830632    2.592832326
   11.783567134    2.579024032    2.579009583    2.579011267
   11.843687375    2.565374904    2.565360545    2.565362218
   11.903807615    2.551895059    2.551880790    2.551882452
   11.963927856    2.538581819    2.538567638    2.538569290
   12.024048096    2.525432555    2.525418462    2.525420105
   12.084168337    2.512444690    2.512430685    2.512432317
   12.144288577    2.499615694    2.499601775    2.499603397
   12.204408818    2.486943084    2.486929252    2.486930864
   12.264529058    2.474424424    2.474410677    2.474412279
   12.324649299    2.462057324    2.462043661    2.462045254
   12.384769539    2.449839435    2.449825857    2.449827440
   12.444889780    2.437768457    2.437754962    2.437756535
   12.505010020    2.425842127    2.425828715    2.425830278
   12.565130261    2.414058226    2.414044897    2.414046450
   12.625250501    2.402414578    2.402401330    2.402402874
   12.685370741    2.390909043    2.390895876    2.390897410
   12.745490982    2.379539521    2.379526435    2.379527960
   12.805611222    2.368303953    2.368290946    2.368292462
   12.865731463    2.357200314    2.357187386    2.357188893
   12.925851703    2.346226618    2.346213768    2.346215266
   12.985971944    2.335380913    2.335368141    2.335369630
   13.046092184    2.324661283    2.324648589    2.324650069
   13.106212425    2.314065848    2.314053231    2.314054702
   13.166332665    2.303592760    2.303580219    2.303581681
   13.226452906    2.293240203    2.293227738    2.293229191
   13.286573146    2.283006396    2.282994006    2.282995450
   13.346693387    2.272889589    2.272877272    2.272878708
   13.406813627    2.262888060    2.262875818    2.262877245
   13.466933868    2.253000122    2.252987953    2.252989372
   13.527054108    2.243224116    2.243212019    2.243213429
   13.587174349    2.233558410    2.233546385    2.233547787
   13.647294589    2.224001403    2.223989450    2.223990844
   13.707414830    2.214551523    2.214539641    2.214541026
   13.767535070    2.205207222    2.205195410    2.205196787
   13.827655311    2.195966982    2.195955240    2.195956609
   13.887775551    2.186829309    2.186817637    2.186818998
   13.947895792    2.177792738    2.177781135    2.177782488
   14.008016032    2.168855826    2.168844291    2.168845636
   14.068136273    2.160017156    2.160005689    2.160007026
   14.128256513    2.151275336    2.151263937    2.151265266
   14.188376754    2.142628998    2.142617665    2.142618986
   14.248496994    2.134076795    2.134065529    2.134066843
   14.308617234    2.125617407    2.125606206    2.125607512
   14.368737475    2.117249531    2.117238396    2.117239694
   14.428857715    2.108971892    2.108960821    2.108962112
   14.488977956    2.100783232    2.100772225    2.100773509
   14.549098196    2.092682316    2.092671374    2.092672649
   14.609218437    2.084667930    2.084657051    2.084658319
   14.669338677    2.076738880    2.076728064    2.076729325
   14.729458918    2.068893991    2.068883237    2.068884491
   14.789579158    2.061132110    2.061121418    2.061122664
   14.849699399    2.053452100    2.053441469    2.053442709
   14.909819639    2.045852845    2.045842275    2.045843508
   14.969939880    2.038333247    2.038322738    2.038323964
   15.030060120    2.030892227    2.030881777    2.030882996
   15.090180361    2.023528720    2.023518331    2.023519542
   15.150300601    2.016241684    2.016231354    2.016232558
   15.210420842    2.009030090    2.009019818    2.009021016
   15.270541082    2.001892927    2.001882713    2.001883904
   15.330661323    1.994829200    1.994819044    1.994820229
   15.390781563    1.987837932    1.987827833    1.987829011
   15.450901804    1.980918159    1.980908117    1.980909288
   15.511022044    1.974068934    1.974058949    1.974060113
   15.571142285    1.967289326    1.967279397    1.967280555
   15.631262525    1.960578417    1.960568544    1.960569695
   15.691382766    1.953935306    1.953925488    1.953926633
   15.751503006    1.947359104    1.947349341    1.947350479
   15.811623246    1.940848938    1.940839229    1.940840362
   15.871743487    1.934403948    1.934394293    1.934395419
   15.931863727    1.928023288    1.928013687    1.928014807
   15.991983968    1.921706124    1.921696577    1.921697690
   16.052104208    1.915451638    1.915442143    1.915443251
   16.112224449    1.909259023    1.909249580    1.909250681
   16.172344689    1.903127483    1.903118092    1.903119188
   16.232464930    1.897056237    1.897046898    1.897047988
   16.292585170    1.891044516    1.891035229    1.891036312
   16.352705411    1.885091562    1.885082325    1.885083403
   16.412825651    1.879196629    1.879187443    1.879188514
   16.472945892    1.873358982    1.873349846    1.873350912
   16.533066132    1.867577898    1.867568812    1.867569872
   16.593186373    1.861852666    1.861843630    1.861844684
   16.653306613    1.856182585    1.856173597    1.856174646
   16.713426854    1.850566963    1.850558024    1.850559067
   16.773547094    1.845005122    1.844996231    1.844997268
   16.833667335    1.839496391    1.839487549    1.839488580
   16.893787575    1.834040112    1.834031317    1.834032343
   16.953907816    1.828635635    1.828626887    1.828627908
   17.014028056    1.823282321    1.823273620    1.823274635
   17.074148297    1.817979539    1.817970885    1.817971894
   17.134268537    1.812726669    1.812718061    1.812719065
   17.194388778    1.807523101    1.807514539    1.807515538
   17.254509018    1.802368231    1.802359715    1.802360709
   17.314629259    1.797261468    1.797252997    1.797253985
   17.374749499    1.792202227    1.792193801    1.792194784
   17.434869739    1.787189932    1.787181550    1.787182528
   17.494989980    1.782224016    1.782215678    1.782216651
   17.555110220    1.777303920    1.777295627    1.777296594
   17.615230461    1.772429095    1.772420845    1.772421808
   17.675350701    1.767598997    1.767590791    1.767591748
   17.735470942    1.762813092    1.762804929    1.762805882
   17.795591182    1.758070854    1.758062734    1.758063681
   17.855711423    1.753371764    1.753363686    1.753364628
   17.915831663    1.748715309    1.748707273    1.748708211
   17.975951904    1.744100987    1.744092993    1.744093925
   18.036072144    1.739528300    1.739520347    1.739521275
   18.096192385    1.734996758    1.734988847    1.734989769
   18.156312625    1.730505879    1.730498009    1.730498927
   18.216432866    1.726055188    1.726047359    1.726048272
   18.276553106    1.721644216    1.721636426    1.721637335
   18.336673347    1.717272500    1.717264751    1.717265655
   18.396793587    1.712939585    1.712931875    1.712932775
   18.456913828    1.708645022    1.708637351    1.708638246
   18.517034068    1.704388367    1.704380736    1.704381627
   18.577154309    1.700169186    1.700161593    1.700162479
   18.637274549    1.695987046    1.695979493    1.695980374
   18.697394790    1.691841524    1.691834009    1.691834886
   18.757515030    1.687732202    1.687724725    1.687725598
   18.817635271    1.683658667    1.683651228    1.683652096
   18.877755511    1.679620512    1.679613111    1.679613974
   18.937875752    1.675617337    1.675609972    1.675610832
   18.997995992    1.671648745    1.671641418    1.671642273
   19.058116232    1.667714346    1.667707056    1.667707907
   19.118236473    1.663813757    1.663806504    1.663807350
   19.178356713    1.659946598    1.659939380    1.659940222
   19.238476954    1.656112494    1.656105312    1.656106150
   19.298597194    1.652311076    1.652303931    1.652304764
   19.358717435    1.648541981    1.648534871    1.648535701
   19.418837675    1.644804850    1.644797775    1.644798601
   19.478957916    1.641099328    1.641092288    1.641093110
   19.539078156    1.637425066    1.637418061    1.637418879
   19.599198397    1.633781720    1.633774750    1.633775563
   19.659318637    1.630168949    1.630162013    1.630162823
   19.719438878    1.626586419    1.626579517    1.626580322
   19.779559118    1.623033798    1.623026930    1.623027732
   19.839679359    1.619510760    1.619503926    1.619504724
   19.899799599    1.616016984    1.616010183    1.616010977
   19.959919840    1.612552151    1.612545383    1.612546173
   20.020040080    1.609115948    1.609109213    1.609109999
   20.080160321    1.605708065    1.605701363    1.605702145
   20.140280561    1.602328197    1.602321528    1.602322306
   20.200400802    1.598976044    1.598969407    1.598970182
   20.260521042    1.595651308    1.595644703    1.595645474
   20.320641283    1.592353695    1.592347122    1.592347889
   20.380761523    1.589082917    1.589076375    1.589077139
   20.440881764    1.585838687    1.585832177    1.585832937
   20.501002004    1.582620724    1.582614245    1.582615001
   20.561122244    1.579428749    1.579422301    1.579423053
   20.621242485    1.576262487    1.576256070    1.576256819
   20.681362725    1.573121669    1.573115282    1.573116027
   20.741482966    1.570006025    1.569999669    1.570000411
   20.801603206    1.566915292    1.566908966    1.566909705
   20.861723447    1.563849210    1.563842914    1.563843649
   20.921843687    1.560807520    1.560801254    1.560801985
   20.981963928    1.557789969    1.557783733    1.557784461
   21.042084168    1.554796307    1.554790100    1.554790824
   21.102204409    1.551826284    1.551820106    1.551820827
   21.162324649    1.548879658    1.548873509    1.548874226
   21.222444890    1.545956186    1.545950066    1.545950780
   21.282565130    1.543055630    1.543049539    1.543050250
   21.342685371    1.540177756    1.540171693    1.540172400
   21.402805611    1.537322330    1.537316295    1.537317000
   21.462925852    1.534489123    1.534483117    1.534483818
   21.523046092    1.531677910    1.531671931    1.531672629
   21.583166333    1.528888465    1.528882514    1.528883209
   21.643286573    1.526120569    1.526114646    1.526115337
   21.703406814    1.523374003    1.523368107    1.523368795
   21.763527054    1.520648552    1.520642683    1.520643368
   21.823647295    1.517944003    1.517938161    1.517938843
   21.883767535    1.515260145    1.515254330    1.515255009
   21.943887776    1.512596773    1.512590984    1.512591660
   22.004008016    1.509953679    1.509947917    1.509948590
   22.064128257    1.507330663    1.507324928    1.507325597
   22.124248497    1.504727524    1.504721815    1.504722481
   22.184368737    1.502144065    1.502138381    1.502139045
   22.244488978    1.499580090    1.499574433    1.499575093
   22.304609218    1.497035408    1.497029775    1.497030433
   22.364729459    1.494509826    1.494504220    1.494504874
   22.424849699    1.492003159    1.491997577    1.491998229
   22.484969940    1.489515219    1.489509663    1.489510311
   22.545090180    1.487045823    1.487040292    1.487040938
   22.605210421    1.484594791    1.484589284    1.484589927
   22.665330661    1.482161942    1.482156460    1.482157100
   22.725450902    1.479747100    1.479741643    1.479742280
   22.785571142    1.477350091    1.477344658    1.477345292
   22.845691383    1.474970740    1.474965331    1.474965963
   22.905811623    1.472608878    1.472603494    1.472604122
   22.965931864    1.470264336    1.470258975    1.470259601
   23.026052104    1.467936947    1.467931610    1.467932233
   23.086172345    1.465626547    1.465621234    1.465621854
   23.146292585    1.463332973    1.463327683    1.463328300
   23.206412826    1.461056063    1.461050797    1.461051411
   23.266533066    1.458795660    1.458790416    1.458791028
   23.326653307    1.456551605    1.456546385    1.456546994
   23.386773547    1.454323745    1.454318547    1.454319154
   23.446893788    1.452111924    1.452106750    1.452107354
   23.507014028    1.449915993    1.449910841    1.449911442
   23.567134269    1.447735800    1.447730670    1.447731269
   23.627254509    1.445571198    1.445566091    1.445566687
   23.687374749    1.443422041    1.443416955    1.443417549
   23.747494990    1.441288183    1.441283119    1.441283710
   23.807615230    1.439169481    1.439164440    1.439165028
   23.867735471    1.437065795    1.437060775    1.437061361
   23.927855711    1.434976984    1.434971986    1.434972570
   23.987975952    1.432902911    1.432897935    1.432898515
   24.048096192    1.430843438    1.430838483    1.430839062
   24.108216433    1.428798431    1.428793498    1.428794073
   24.168336673    1.426767757    1.426762844    1.426763417
   24.228456914    1.424751282    1.424746391    1.424746962
   24.288577154    1.422748878    1.422744007    1.422744575
   24.348697395    1.420760414    1.420755564    1.420756130
   24.408817635    1.418785763    1.418780934    1.418781498
   24.468937876    1.416824800    1.416819991    1.416820552
   24.529058116    1.414877399    1.414872611    1.414873170
   24.589178357    1.412943438    1.412938669    1.412939226
   24.649298597    1.411022794    1.411018045    1.411018600
   24.709418838    1.409115346    1.409110618    1.409111170
   24.769539078    1.407220977    1.407216268    1.407216818
   24.829659319    1.405339567    1.405334878    1.405335425
   24.889779559    1.403471000    1.403466331    1.403466876
   24.949899800    1.401615162    1.401610512    1.401611055
   25.010020040    1.399771937    1.399767307    1.399767847
   25.070140281    1.397941214    1.397936603    1.397937141
   25.130260521    1.396122881    1.396118289    1.396118825
   25.190380762    1.394316827    1.394312254    1.394312788
   25.250501002    1.392522943    1.392518390    1.392518921
   25.310621242    1.390741123    1.390736588    1.390737117
   25.370741483    1.388971258    1.388966742    1.388967269
   25.430861723    1.387213244    1.387208747    1.387209272
   25.490981964    1.385466976    1.385462497    1.385463020
   25.551102204    1.383732351    1.383727891    1.383728411
   25.611222445    1.382009267    1.382004825    1.382005343
   25.671342685    1.380297623    1.380293199    1.380293715
   25.731462926    1.378597319    1.378592913    1.378593427
   25.791583166    1.376908256    1.376903867    1.376904380
   25.851703407    1.375230336    1.375225965    1.375226475
   25.911823647    1.373563463    1.373559110    1.373559618
   25.971943888    1.371907540    1.371903205    1.371903711
   26.032064128    1.370262474    1.370258157    1.370258661
   26.092184369    1.368628171    1.368623871    1.368624373
   26.152304609    1.367004538    1.367000255    1.367000755
   26.212424850    1.365391483    1.365387217    1.365387715
   26.272545090    1.363788915    1.363784667    1.363785163
   26.332665331    1.362196746    1.362192514    1.362193008
   26.392785571    1.360614885    1.360610671    1.360611163
   26.452905812    1.359043246    1.359039048    1.359039538
   26.513026052    1.357481741    1.357477560    1.357478048
   26.573146293    1.355930285    1.355926120    1.355926606
   26.633266533    1.354388791    1.354384644    1.354385128
   26.693386774    1.352857177    1.352853046    1.352853528
   26.753507014    1.351335358    1.351331243    1.351331724
   26.813627255    1.349823252    1.349819154    1.349819632
   26.873747495    1.348320778    1.348316696    1.348317173
   26.933867735    1.346827855    1.346823789    1.346824263
   26.993987976    1.345344403    1.345340352    1.345340825
   27.054108216    1.343870342    1.343866307    1.343866778
   27.114228457    1.342405594    1.342401576    1.342402045
   27.174348697    1.340950083    1.340946080    1.340946548
   27.234468938    1.339503731    1.339499744    1.339500209
   27.294589178    1.338066462    1.338062491    1.338062954
   27.354709419    1.336638202    1.336634245    1.336634707
   27.414829659    1.335218875    1.335214934    1.335215394
   27.474949900    1.333808408    1.333804483    1.333804941
   27.535070140    1.332406730    1.332402819    1.332403276
   27.595190381    1.331013766    1.331009871    1.331010325
   27.655310621    1.329629446    1.329625566    1.329626019
   27.715430862    1.328253700    1.328249834    1.328250286
   27.775551102    1.326886456    1.326882606    1.326883056
   27.835671343    1.325527647    1.325523812    1.325524260
   27.895791583    1.324177204    1.324173383    1.324173829
   27.955911824    1.322835058    1.322831252    1.322831696
   28.016032064    1.321501143    1.321497351    1.321497794
   28.076152305    1.320175391    1.320171614    1.320172055
   28.136272545    1.318857738    1.318853976    1.318854415
   28.196392786    1.317548118    1.317544370    1.317544807
   28.256513026    1.316246467    1.316242732    1.316243168
   28.316633267    1.314952719    1.314948999    1.314949434
   28.376753507    1.313666814    1.313663108    1.313663540
   28.436873747    1.312388687    1.312384995    1.312385426
   28.496993988    1.311118276    1.311114598    1.311115028
   28.557114228    1.309855521    1.309851857    1.309852285
   28.617234469    1.308600361    1.308596710    1.308597136
   28.677354709    1.307352734    1.307349098    1.307349522
   28.737474950    1.306112583    1.306108959    1.306109382
   28.797595190    1.304879846    1.304876237    1.304876658
   28.857715431    1.303654468    1.303650871    1.303651291
   28.917835671    1.302436388    1.302432805    1.302433224
   28.977955912    1.301225550    1.301221981    1.301222398
   29.038076152    1.300021898    1.300018342    1.300018757
   29.098196393    1.298825374    1.298821832    1.298822245
   29.158316633    1.297635924    1.297632395    1.297632807
   29.218436874    1.296453492    1.296449976    1.296450386
   29.278557114    1.295278024    1.295274520    1.295274929
   29.338677355    1.294109465    1.294105975    1.294106382
   29.398797595    1.292947763    1.292944285    1.292944691
   29.458917836    1.291792863    1.291789398    1.291789802
   29.519038076    1.290644713    1.290641261    1.290641664
   29.579158317    1.289503262    1.289499822    1.289500224
   29.639278557    1.288368458    1.288365030    1.288365431
   29.699398798    1.287240249    1.287236834    1.287237233
   29.759519038    1.286118586    1.286115184    1.286115581
   29.819639279    1.285003418    1.285000028    1.285000424
   29.879759519    1.283894695    1.283891317    1.283891712
   29.939879760    1.282792369    1.282789003    1.282789396
   30.000000000    1.281696390    1.281693037    1.281693429
