  0.00000000E+00 -0.21237070E+02
  0.85001566E-02 -0.21236849E+02
  0.17000313E-01 -0.21236211E+02
  0.25500470E-01 -0.21235155E+02
  0.34000627E-01 -0.21233683E+02
  0.42500783E-01 -0.21231795E+02
  0.51000940E-01 -0.21229491E+02
  0.59501096E-01 -0.21226771E+02
  0.68001253E-01 -0.21223636E+02
  0.76501410E-01 -0.21220086E+02
  0.85001566E-01 -0.21216123E+02
  0.93501723E-01 -0.21211746E+02
  0.10200188E+00 -0.21206956E+02
  0.11050204E+00 -0.21201754E+02
  0.11900219E+00 -0.21196140E+02
  0.12750235E+00 -0.21190115E+02
  0.13600251E+00 -0.21183679E+02
  0.14450266E+00 -0.21176834E+02
  0.15300282E+00 -0.21169579E+02
  0.16150298E+00 -0.21161914E+02
  0.17000313E+00 -0.21153841E+02
  0.17850329E+00 -0.21145360E+02
  0.18700345E+00 -0.21136471E+02
  0.19550360E+00 -0.21127174E+02
  0.20400376E+00 -0.21117470E+02
  0.21250392E+00 -0.21107358E+02
  0.22100407E+00 -0.21096840E+02
  0.22950423E+00 -0.21085915E+02
  0.23800439E+00 -0.21074583E+02
  0.24650454E+00 -0.21062844E+02
  0.25500470E+00 -0.21050699E+02
  0.26350486E+00 -0.21038148E+02
  0.27200501E+00 -0.21025190E+02
  0.28050517E+00 -0.21011826E+02
  0.28900533E+00 -0.20998057E+02
  0.29750548E+00 -0.20983881E+02
  0.30600564E+00 -0.20969299E+02
  0.31450580E+00 -0.20954312E+02
  0.32300595E+00 -0.20938920E+02
  0.33150611E+00 -0.20923124E+02
  0.34000627E+00 -0.20906923E+02
  0.34850642E+00 -0.20890318E+02
  0.35700658E+00 -0.20873310E+02
  0.36550674E+00 -0.20855900E+02
  0.37400689E+00 -0.20838089E+02
  0.38250705E+00 -0.20819877E+02
  0.39100721E+00 -0.20801265E+02
  0.39950736E+00 -0.20782255E+02
  0.40800752E+00 -0.20762847E+02
  0.41650768E+00 -0.20743044E+02
  0.42500783E+00 -0.20722846E+02
  0.43350799E+00 -0.20702254E+02
  0.44200815E+00 -0.20681271E+02
  0.45050830E+00 -0.20659898E+02
  0.45900846E+00 -0.20638136E+02
  0.46750862E+00 -0.20615987E+02
  0.47600877E+00 -0.20593453E+02
  0.48450893E+00 -0.20570536E+02
  0.49300908E+00 -0.20547236E+02
  0.50150924E+00 -0.20523556E+02
  0.51000940E+00 -0.20499497E+02
  0.51850955E+00 -0.20475061E+02
  0.52700971E+00 -0.20450249E+02
  0.53550987E+00 -0.20425063E+02
  0.54401002E+00 -0.20399504E+02
  0.55251018E+00 -0.20373573E+02
  0.56101034E+00 -0.20347272E+02
  0.56951049E+00 -0.20320601E+02
  0.57801065E+00 -0.20293562E+02
  0.58651081E+00 -0.20266156E+02
  0.59501096E+00 -0.20238383E+02
  0.60351112E+00 -0.20210244E+02
  0.61201128E+00 -0.20181739E+02
  0.62051143E+00 -0.20152870E+02
  0.62901159E+00 -0.20123636E+02
  0.63751175E+00 -0.20094038E+02
  0.64601190E+00 -0.20064077E+02
  0.65451206E+00 -0.20033751E+02
  0.66301222E+00 -0.20003063E+02
  0.67151237E+00 -0.19972012E+02
  0.68001253E+00 -0.19940597E+02
  0.68851269E+00 -0.19908821E+02
  0.69701284E+00 -0.19876681E+02
  0.70551300E+00 -0.19844180E+02
  0.71401316E+00 -0.19811317E+02
  0.72251331E+00 -0.19778093E+02
  0.73101347E+00 -0.19744508E+02
  0.73951363E+00 -0.19710563E+02
  0.74801378E+00 -0.19676258E+02
  0.75651394E+00 -0.19641595E+02
  0.76501410E+00 -0.19606574E+02
  0.77351425E+00 -0.19571197E+02
  0.78201441E+00 -0.19535465E+02
  0.79051457E+00 -0.19499379E+02
  0.79901472E+00 -0.19462940E+02
  0.80751488E+00 -0.19426152E+02
  0.81601504E+00 -0.19389015E+02
  0.82451519E+00 -0.19351531E+02
  0.83301535E+00 -0.19313703E+02
  0.84151551E+00 -0.19275533E+02
  0.85001566E+00 -0.19237023E+02
  0.85851582E+00 -0.19198176E+02
  0.86701598E+00 -0.19158993E+02
  0.87551613E+00 -0.19119478E+02
  0.88401629E+00 -0.19079634E+02
  0.89251645E+00 -0.19039462E+02
  0.90101660E+00 -0.18998965E+02
  0.90951676E+00 -0.18958147E+02
  0.91801692E+00 -0.18917008E+02
  0.92651707E+00 -0.18875553E+02
  0.93501723E+00 -0.18833782E+02
  0.94351739E+00 -0.18791699E+02
  0.95201754E+00 -0.18749306E+02
  0.96051770E+00 -0.18706604E+02
  0.96901786E+00 -0.18663596E+02
  0.97751801E+00 -0.18620282E+02
  0.98601817E+00 -0.18576665E+02
  0.99451833E+00 -0.18532747E+02
  0.10030185E+01 -0.18488527E+02
  0.10115186E+01 -0.18444008E+02
  0.10200188E+01 -0.18399191E+02
  0.10285190E+01 -0.18354076E+02
  0.10370191E+01 -0.18308663E+02
  0.10455193E+01 -0.18262954E+02
  0.10540194E+01 -0.18216949E+02
  0.10625196E+01 -0.18170649E+02
  0.10710197E+01 -0.18124053E+02
  0.10795199E+01 -0.18077162E+02
  0.10880200E+01 -0.18029977E+02
  0.10965202E+01 -0.17982497E+02
  0.11050204E+01 -0.17934724E+02
  0.11135205E+01 -0.17886658E+02
  0.11220207E+01 -0.17838300E+02
  0.11305208E+01 -0.17789650E+02
  0.11390210E+01 -0.17740709E+02
  0.11475211E+01 -0.17691479E+02
  0.11560213E+01 -0.17641961E+02
  0.11645215E+01 -0.17592157E+02
  0.11730216E+01 -0.17542069E+02
  0.11815218E+01 -0.17491699E+02
  0.11900219E+01 -0.17441049E+02
  0.11985221E+01 -0.17390124E+02
  0.12070222E+01 -0.17338925E+02
  0.12155224E+01 -0.17287457E+02
  0.12240226E+01 -0.17235724E+02
  0.12325227E+01 -0.17183729E+02
  0.12410229E+01 -0.17131479E+02
  0.12495230E+01 -0.17078978E+02
  0.12580232E+01 -0.17026231E+02
  0.12665233E+01 -0.16973244E+02
  0.12750235E+01 -0.16920024E+02
  0.12835237E+01 -0.16866577E+02
  0.12920238E+01 -0.16812909E+02
  0.13005240E+01 -0.16759028E+02
  0.13090241E+01 -0.16704941E+02
  0.13175243E+01 -0.16650656E+02
  0.13260244E+01 -0.16596181E+02
  0.13345246E+01 -0.16541524E+02
  0.13430247E+01 -0.16486694E+02
  0.13515249E+01 -0.16431699E+02
  0.13600251E+01 -0.16376548E+02
  0.13685252E+01 -0.16321252E+02
  0.13770254E+01 -0.16265819E+02
  0.13855255E+01 -0.16210261E+02
  0.13940257E+01 -0.16154587E+02
  0.14025258E+01 -0.16098809E+02
  0.14110260E+01 -0.16042939E+02
  0.14195262E+01 -0.15986989E+02
  0.14280263E+01 -0.15930973E+02
  0.14365265E+01 -0.15874904E+02
  0.14450266E+01 -0.15818799E+02
  0.14535268E+01 -0.15762673E+02
  0.14620269E+01 -0.15706545E+02
  0.14705271E+01 -0.15650433E+02
  0.14790273E+01 -0.15594360E+02
  0.14875274E+01 -0.15538348E+02
  0.14960276E+01 -0.15482424E+02
  0.15045277E+01 -0.15426616E+02
  0.15130279E+01 -0.15370954E+02
  0.15215280E+01 -0.15315475E+02
  0.15300282E+01 -0.15260216E+02
  0.15385284E+01 -0.15205220E+02
  0.15470285E+01 -0.15150533E+02
  0.15555287E+01 -0.15096207E+02
  0.15640288E+01 -0.15042300E+02
  0.15725290E+01 -0.14988873E+02
  0.15810291E+01 -0.14935997E+02
  0.15895293E+01 -0.14883746E+02
  0.15980294E+01 -0.14832202E+02
  0.16065296E+01 -0.14781455E+02
  0.16150298E+01 -0.14731601E+02
  0.16235299E+01 -0.14682743E+02
  0.16320301E+01 -0.14634992E+02
  0.16405302E+01 -0.14588465E+02
  0.16490304E+01 -0.14543282E+02
  0.16575305E+01 -0.14499572E+02
  0.16660307E+01 -0.14457463E+02
  0.16745309E+01 -0.14417089E+02
  0.16830310E+01 -0.14378583E+02
  0.16915312E+01 -0.14342107E+02
  0.17000313E+01 -0.14310714E+02
  0.17085315E+01 -0.14342749E+02
  0.17170316E+01 -0.14375587E+02
  0.17255318E+01 -0.14408130E+02
  0.17340320E+01 -0.14440357E+02
  0.17425321E+01 -0.14472264E+02
  0.17510323E+01 -0.14503848E+02
  0.17595324E+01 -0.14535110E+02
  0.17680326E+01 -0.14566050E+02
  0.17765327E+01 -0.14596666E+02
  0.17850329E+01 -0.14626958E+02
  0.17935331E+01 -0.14656928E+02
  0.18020332E+01 -0.14686573E+02
  0.18105334E+01 -0.14715895E+02
  0.18190335E+01 -0.14744893E+02
  0.18275337E+01 -0.14773566E+02
  0.18360338E+01 -0.14801915E+02
  0.18445340E+01 -0.14829939E+02
  0.18530341E+01 -0.14857639E+02
  0.18615343E+01 -0.14885013E+02
  0.18700345E+01 -0.14912062E+02
  0.18785346E+01 -0.14938786E+02
  0.18870348E+01 -0.14965183E+02
  0.18955349E+01 -0.14991254E+02
  0.19040351E+01 -0.15016998E+02
  0.19125352E+01 -0.15042415E+02
  0.19210354E+01 -0.15067505E+02
  0.19295356E+01 -0.15092268E+02
  0.19380357E+01 -0.15116702E+02
  0.19465359E+01 -0.15140808E+02
  0.19550360E+01 -0.15164586E+02
  0.19635362E+01 -0.15188034E+02
  0.19720363E+01 -0.15211153E+02
  0.19805365E+01 -0.15233942E+02
  0.19890367E+01 -0.15256401E+02
  0.19975368E+01 -0.15278530E+02
  0.20060370E+01 -0.15300328E+02
  0.20145371E+01 -0.15321795E+02
  0.20230373E+01 -0.15342930E+02
  0.20315374E+01 -0.15363734E+02
  0.20400376E+01 -0.15384205E+02
  0.20485377E+01 -0.15404344E+02
  0.20570379E+01 -0.15424150E+02
  0.20655381E+01 -0.15443623E+02
  0.20740382E+01 -0.15462762E+02
  0.20825384E+01 -0.15481567E+02
  0.20910385E+01 -0.15500038E+02
  0.20995387E+01 -0.15518174E+02
  0.21080388E+01 -0.15535974E+02
  0.21165390E+01 -0.15553440E+02
  0.21250392E+01 -0.15570569E+02
  0.21335393E+01 -0.15587361E+02
  0.21420395E+01 -0.15603817E+02
  0.21505396E+01 -0.15619936E+02
  0.21590398E+01 -0.15635718E+02
  0.21675399E+01 -0.15651161E+02
  0.21760401E+01 -0.15666266E+02
  0.21845403E+01 -0.15681032E+02
  0.21930404E+01 -0.15695459E+02
  0.22015406E+01 -0.15709547E+02
  0.22100407E+01 -0.15723295E+02
  0.22185409E+01 -0.15736703E+02
  0.22270410E+01 -0.15749770E+02
  0.22355412E+01 -0.15762497E+02
  0.22440414E+01 -0.15774883E+02
  0.22525415E+01 -0.15786928E+02
  0.22610417E+01 -0.15798632E+02
  0.22695418E+01 -0.15809994E+02
  0.22780420E+01 -0.15821015E+02
  0.22865421E+01 -0.15831694E+02
  0.22950423E+01 -0.15842032E+02
  0.23035424E+01 -0.15852028E+02
  0.23120426E+01 -0.15861683E+02
  0.23205428E+01 -0.15870996E+02
  0.23290429E+01 -0.15879967E+02
  0.23375431E+01 -0.15888597E+02
  0.23460432E+01 -0.15896886E+02
  0.23545434E+01 -0.15904835E+02
  0.23630435E+01 -0.15912442E+02
  0.23715437E+01 -0.15919709E+02
  0.23800439E+01 -0.15926636E+02
  0.23885440E+01 -0.15933223E+02
  0.23970442E+01 -0.15939470E+02
  0.24055443E+01 -0.15945378E+02
  0.24140445E+01 -0.15950946E+02
  0.24225446E+01 -0.15956176E+02
  0.24310448E+01 -0.15961068E+02
  0.24395450E+01 -0.15965621E+02
  0.24480451E+01 -0.15969837E+02
  0.24565453E+01 -0.15973715E+02
  0.24650454E+01 -0.15977255E+02
  0.24735456E+01 -0.15980459E+02
  0.24820457E+01 -0.15983325E+02
  0.24905459E+01 -0.15985855E+02
  0.24990461E+01 -0.15988048E+02
  0.25075462E+01 -0.15989905E+02
  0.25160464E+01 -0.15991425E+02
  0.25245465E+01 -0.15992609E+02
  0.25330467E+01 -0.15993456E+02
  0.25415468E+01 -0.15993967E+02
  0.25500470E+01 -0.15994141E+02
  0.25585573E+01 -0.15997098E+02
  0.25670676E+01 -0.16005965E+02
  0.25755779E+01 -0.16020493E+02
  0.25840883E+01 -0.16040298E+02
  0.25925986E+01 -0.16064911E+02
  0.26011089E+01 -0.16093815E+02
  0.26096192E+01 -0.16126487E+02
  0.26181295E+01 -0.16162426E+02
  0.26266399E+01 -0.16201169E+02
  0.26351502E+01 -0.16242299E+02
  0.26436605E+01 -0.16285452E+02
  0.26521708E+01 -0.16330308E+02
  0.26606811E+01 -0.16376594E+02
  0.26691915E+01 -0.16424076E+02
  0.26777018E+01 -0.16472554E+02
  0.26862121E+01 -0.16521857E+02
  0.26947224E+01 -0.16571838E+02
  0.27032327E+01 -0.16622374E+02
  0.27117430E+01 -0.16673357E+02
  0.27202534E+01 -0.16724696E+02
  0.27287637E+01 -0.16776310E+02
  0.27372740E+01 -0.16828132E+02
  0.27457843E+01 -0.16880101E+02
  0.27542946E+01 -0.16932165E+02
  0.27628050E+01 -0.16984279E+02
  0.27713153E+01 -0.17036402E+02
  0.27798256E+01 -0.17088499E+02
  0.27883359E+01 -0.17140539E+02
  0.27968462E+01 -0.17192493E+02
  0.28053565E+01 -0.17244337E+02
  0.28138669E+01 -0.17296048E+02
  0.28223772E+01 -0.17347607E+02
  0.28308875E+01 -0.17398995E+02
  0.28393978E+01 -0.17450197E+02
  0.28479081E+01 -0.17501198E+02
  0.28564185E+01 -0.17551984E+02
  0.28649288E+01 -0.17602544E+02
  0.28734391E+01 -0.17652866E+02
  0.28819494E+01 -0.17702942E+02
  0.28904597E+01 -0.17752762E+02
  0.28989701E+01 -0.17802319E+02
  0.29074804E+01 -0.17851604E+02
  0.29159907E+01 -0.17900612E+02
  0.29245010E+01 -0.17949336E+02
  0.29330113E+01 -0.17997771E+02
  0.29415216E+01 -0.18045912E+02
  0.29500320E+01 -0.18093754E+02
  0.29585423E+01 -0.18141295E+02
  0.29670526E+01 -0.18188529E+02
  0.29755629E+01 -0.18235454E+02
  0.29840732E+01 -0.18282068E+02
  0.29925836E+01 -0.18328366E+02
  0.30010939E+01 -0.18374347E+02
  0.30096042E+01 -0.18420009E+02
  0.30181145E+01 -0.18465350E+02
  0.30266248E+01 -0.18510367E+02
  0.30351352E+01 -0.18555059E+02
  0.30436455E+01 -0.18599425E+02
  0.30521558E+01 -0.18643463E+02
  0.30606661E+01 -0.18687171E+02
  0.30691764E+01 -0.18730548E+02
  0.30776867E+01 -0.18773593E+02
  0.30861971E+01 -0.18816304E+02
  0.30947074E+01 -0.18858680E+02
  0.31032177E+01 -0.18900720E+02
  0.31117280E+01 -0.18942422E+02
  0.31202383E+01 -0.18983785E+02
  0.31287487E+01 -0.19024808E+02
  0.31372590E+01 -0.19065488E+02
  0.31457693E+01 -0.19105825E+02
  0.31542796E+01 -0.19145818E+02
  0.31627899E+01 -0.19185463E+02
  0.31713002E+01 -0.19224762E+02
  0.31798106E+01 -0.19263710E+02
  0.31883209E+01 -0.19302308E+02
  0.31968312E+01 -0.19340553E+02
  0.32053415E+01 -0.19378444E+02
  0.32138518E+01 -0.19415980E+02
  0.32223622E+01 -0.19453159E+02
  0.32308725E+01 -0.19489979E+02
  0.32393828E+01 -0.19526440E+02
  0.32478931E+01 -0.19562540E+02
  0.32564034E+01 -0.19598277E+02
  0.32649138E+01 -0.19633650E+02
  0.32734241E+01 -0.19668659E+02
  0.32819344E+01 -0.19703301E+02
  0.32904447E+01 -0.19737577E+02
  0.32989550E+01 -0.19771485E+02
  0.33074653E+01 -0.19805024E+02
  0.33159757E+01 -0.19838193E+02
  0.33244860E+01 -0.19870993E+02
  0.33329963E+01 -0.19903421E+02
  0.33415066E+01 -0.19935478E+02
  0.33500169E+01 -0.19967162E+02
  0.33585273E+01 -0.19998474E+02
  0.33670376E+01 -0.20029413E+02
  0.33755479E+01 -0.20059979E+02
  0.33840582E+01 -0.20090171E+02
  0.33925685E+01 -0.20119988E+02
  0.34010789E+01 -0.20149431E+02
  0.34095892E+01 -0.20178499E+02
  0.34180995E+01 -0.20207191E+02
  0.34266098E+01 -0.20235508E+02
  0.34351201E+01 -0.20263448E+02
  0.34436304E+01 -0.20291011E+02
  0.34521408E+01 -0.20318197E+02
  0.34606511E+01 -0.20345005E+02
  0.34691614E+01 -0.20371434E+02
  0.34776717E+01 -0.20397484E+02
  0.34861820E+01 -0.20423154E+02
  0.34946924E+01 -0.20448443E+02
  0.35032027E+01 -0.20473350E+02
  0.35117130E+01 -0.20497874E+02
  0.35202233E+01 -0.20522014E+02
  0.35287336E+01 -0.20545769E+02
  0.35372439E+01 -0.20569139E+02
  0.35457543E+01 -0.20592121E+02
  0.35542646E+01 -0.20614715E+02
  0.35627749E+01 -0.20636919E+02
  0.35712852E+01 -0.20658733E+02
  0.35797955E+01 -0.20680155E+02
  0.35883059E+01 -0.20701184E+02
  0.35968162E+01 -0.20721819E+02
  0.36053265E+01 -0.20742058E+02
  0.36138368E+01 -0.20761901E+02
  0.36223471E+01 -0.20781346E+02
  0.36308575E+01 -0.20800393E+02
  0.36393678E+01 -0.20819040E+02
  0.36478781E+01 -0.20837287E+02
  0.36563884E+01 -0.20855132E+02
  0.36648987E+01 -0.20872575E+02
  0.36734090E+01 -0.20889616E+02
  0.36819194E+01 -0.20906253E+02
  0.36904297E+01 -0.20922486E+02
  0.36989400E+01 -0.20938314E+02
  0.37074503E+01 -0.20953737E+02
  0.37159606E+01 -0.20968755E+02
  0.37244710E+01 -0.20983368E+02
  0.37329813E+01 -0.20997574E+02
  0.37414916E+01 -0.21011374E+02
  0.37500019E+01 -0.21024767E+02
  0.37585122E+01 -0.21037754E+02
  0.37670226E+01 -0.21050334E+02
  0.37755329E+01 -0.21062507E+02
  0.37840432E+01 -0.21074273E+02
  0.37925535E+01 -0.21085632E+02
  0.38010638E+01 -0.21096583E+02
  0.38095741E+01 -0.21107127E+02
  0.38180845E+01 -0.21117262E+02
  0.38265948E+01 -0.21126990E+02
  0.38351051E+01 -0.21136309E+02
  0.38436154E+01 -0.21145219E+02
  0.38521257E+01 -0.21153720E+02
  0.38606361E+01 -0.21161812E+02
  0.38691464E+01 -0.21169494E+02
  0.38776567E+01 -0.21176765E+02
  0.38861670E+01 -0.21183626E+02
  0.38946773E+01 -0.21190075E+02
  0.39031876E+01 -0.21196112E+02
  0.39116980E+01 -0.21201737E+02
  0.39202083E+01 -0.21206948E+02
  0.39287186E+01 -0.21211746E+02
  0.39372289E+01 -0.21216130E+02
  0.39457392E+01 -0.21220099E+02
  0.39542496E+01 -0.21223652E+02
  0.39627599E+01 -0.21226789E+02
  0.39712702E+01 -0.21229510E+02
  0.39797805E+01 -0.21231814E+02
  0.39882908E+01 -0.21233701E+02
  0.39968012E+01 -0.21235171E+02
  0.40053115E+01 -0.21236222E+02
  0.40138218E+01 -0.21236855E+02
  0.40223321E+01 -0.21237070E+02
  
  0.00000000E+00 -0.89080190E+01
  0.85001566E-02 -0.89078091E+01
  0.17000313E-01 -0.89071796E+01
  0.25500470E-01 -0.89061305E+01
  0.34000627E-01 -0.89046621E+01
  0.42500783E-01 -0.89027748E+01
  0.51000940E-01 -0.89004691E+01
  0.59501096E-01 -0.88977455E+01
  0.68001253E-01 -0.88946045E+01
  0.76501410E-01 -0.88910468E+01
  0.85001566E-01 -0.88870732E+01
  0.93501723E-01 -0.88826843E+01
  0.10200188E+00 -0.88778811E+01
  0.11050204E+00 -0.88726642E+01
  0.11900219E+00 -0.88670344E+01
  0.12750235E+00 -0.88609924E+01
  0.13600251E+00 -0.88545392E+01
  0.14450266E+00 -0.88476752E+01
  0.15300282E+00 -0.88404011E+01
  0.16150298E+00 -0.88327176E+01
  0.17000313E+00 -0.88246252E+01
  0.17850329E+00 -0.88161241E+01
  0.18700345E+00 -0.88072149E+01
  0.19550360E+00 -0.87978978E+01
  0.20400376E+00 -0.87881729E+01
  0.21250392E+00 -0.87780403E+01
  0.22100407E+00 -0.87675001E+01
  0.22950423E+00 -0.87565523E+01
  0.23800439E+00 -0.87451966E+01
  0.24650454E+00 -0.87334329E+01
  0.25500470E+00 -0.87212611E+01
  0.26350486E+00 -0.87086807E+01
  0.27200501E+00 -0.86956917E+01
  0.28050517E+00 -0.86822936E+01
  0.28900533E+00 -0.86684862E+01
  0.29750548E+00 -0.86542693E+01
  0.30600564E+00 -0.86396427E+01
  0.31450580E+00 -0.86246062E+01
  0.32300595E+00 -0.86091597E+01
  0.33150611E+00 -0.85933034E+01
  0.34000627E+00 -0.85770372E+01
  0.34850642E+00 -0.85603613E+01
  0.35700658E+00 -0.85432763E+01
  0.36550674E+00 -0.85257824E+01
  0.37400689E+00 -0.85078803E+01
  0.38250705E+00 -0.84895707E+01
  0.39100721E+00 -0.84708544E+01
  0.39950736E+00 -0.84517326E+01
  0.40800752E+00 -0.84322062E+01
  0.41650768E+00 -0.84122766E+01
  0.42500783E+00 -0.83919450E+01
  0.43350799E+00 -0.83712130E+01
  0.44200815E+00 -0.83500820E+01
  0.45050830E+00 -0.83285537E+01
  0.45900846E+00 -0.83066298E+01
  0.46750862E+00 -0.82843118E+01
  0.47600877E+00 -0.82616015E+01
  0.48450893E+00 -0.82385007E+01
  0.49300908E+00 -0.82150109E+01
  0.50150924E+00 -0.81911337E+01
  0.51000940E+00 -0.81668707E+01
  0.51850955E+00 -0.81422234E+01
  0.52700971E+00 -0.81171929E+01
  0.53550987E+00 -0.80917806E+01
  0.54401002E+00 -0.80659875E+01
  0.55251018E+00 -0.80398144E+01
  0.56101034E+00 -0.80132621E+01
  0.56951049E+00 -0.79863311E+01
  0.57801065E+00 -0.79590218E+01
  0.58651081E+00 -0.79313343E+01
  0.59501096E+00 -0.79032686E+01
  0.60351112E+00 -0.78748245E+01
  0.61201128E+00 -0.78460017E+01
  0.62051143E+00 -0.78167997E+01
  0.62901159E+00 -0.77872177E+01
  0.63751175E+00 -0.77572550E+01
  0.64601190E+00 -0.78155688E+01
  0.65451206E+00 -0.78813362E+01
  0.66301222E+00 -0.79473015E+01
  0.67151237E+00 -0.80134453E+01
  0.68001253E+00 -0.80797479E+01
  0.68851269E+00 -0.81461898E+01
  0.69701284E+00 -0.82127512E+01
  0.70551300E+00 -0.82794127E+01
  0.71401316E+00 -0.83461546E+01
  0.72251331E+00 -0.84129575E+01
  0.73101347E+00 -0.84798020E+01
  0.73951363E+00 -0.85466686E+01
  0.74801378E+00 -0.86135383E+01
  0.75651394E+00 -0.86803918E+01
  0.76501410E+00 -0.87472102E+01
  0.77351425E+00 -0.88139748E+01
  0.78201441E+00 -0.88806670E+01
  0.79051457E+00 -0.89472684E+01
  0.79901472E+00 -0.90137610E+01
  0.80751488E+00 -0.90801271E+01
  0.81601504E+00 -0.91463492E+01
  0.82451519E+00 -0.92124102E+01
  0.83301535E+00 -0.92782934E+01
  0.84151551E+00 -0.93439826E+01
  0.85001566E+00 -0.94094620E+01
  0.85851582E+00 -0.94747163E+01
  0.86701598E+00 -0.95397307E+01
  0.87551613E+00 -0.96044910E+01
  0.88401629E+00 -0.96689836E+01
  0.89251645E+00 -0.97331954E+01
  0.90101660E+00 -0.97971141E+01
  0.90951676E+00 -0.98607280E+01
  0.91801692E+00 -0.99240261E+01
  0.92651707E+00 -0.99869980E+01
  0.93501723E+00 -0.10049634E+02
  0.94351739E+00 -0.10111926E+02
  0.95201754E+00 -0.10173865E+02
  0.96051770E+00 -0.10235444E+02
  0.96901786E+00 -0.10296657E+02
  0.97751801E+00 -0.10357497E+02
  0.98601817E+00 -0.10417960E+02
  0.99451833E+00 -0.10478042E+02
  0.10030185E+01 -0.10537738E+02
  0.10115186E+01 -0.10597047E+02
  0.10200188E+01 -0.10655966E+02
  0.10285190E+01 -0.10714493E+02
  0.10370191E+01 -0.10772629E+02
  0.10455193E+01 -0.10830373E+02
  0.10540194E+01 -0.10887726E+02
  0.10625196E+01 -0.10944689E+02
  0.10710197E+01 -0.11001264E+02
  0.10795199E+01 -0.11057453E+02
  0.10880200E+01 -0.11113258E+02
  0.10965202E+01 -0.11168684E+02
  0.11050204E+01 -0.11223733E+02
  0.11135205E+01 -0.11278410E+02
  0.11220207E+01 -0.11332719E+02
  0.11305208E+01 -0.11386664E+02
  0.11390210E+01 -0.11440251E+02
  0.11475211E+01 -0.11493483E+02
  0.11560213E+01 -0.11546366E+02
  0.11645215E+01 -0.11598906E+02
  0.11730216E+01 -0.11651107E+02
  0.11815218E+01 -0.11702974E+02
  0.11900219E+01 -0.11754513E+02
  0.11985221E+01 -0.11805728E+02
  0.12070222E+01 -0.11856625E+02
  0.12155224E+01 -0.11907208E+02
  0.12240226E+01 -0.11957482E+02
  0.12325227E+01 -0.12007450E+02
  0.12410229E+01 -0.12057118E+02
  0.12495230E+01 -0.12106488E+02
  0.12580232E+01 -0.12155565E+02
  0.12665233E+01 -0.12204351E+02
  0.12750235E+01 -0.12252849E+02
  0.12835237E+01 -0.12301063E+02
  0.12920238E+01 -0.12348994E+02
  0.13005240E+01 -0.12396644E+02
  0.13090241E+01 -0.12444015E+02
  0.13175243E+01 -0.12491107E+02
  0.13260244E+01 -0.12537923E+02
  0.13345246E+01 -0.12584462E+02
  0.13430247E+01 -0.12630725E+02
  0.13515249E+01 -0.12676712E+02
  0.13600251E+01 -0.12722422E+02
  0.13685252E+01 -0.12767855E+02
  0.13770254E+01 -0.12813010E+02
  0.13855255E+01 -0.12857886E+02
  0.13940257E+01 -0.12902482E+02
  0.14025258E+01 -0.12946797E+02
  0.14110260E+01 -0.12990829E+02
  0.14195262E+01 -0.13034576E+02
  0.14280263E+01 -0.13078037E+02
  0.14365265E+01 -0.13121209E+02
  0.14450266E+01 -0.13164091E+02
  0.14535268E+01 -0.13206681E+02
  0.14620269E+01 -0.13248977E+02
  0.14705271E+01 -0.13290976E+02
  0.14790273E+01 -0.13332677E+02
  0.14875274E+01 -0.13374078E+02
  0.14960276E+01 -0.13415176E+02
  0.15045277E+01 -0.13455971E+02
  0.15130279E+01 -0.13496460E+02
  0.15215280E+01 -0.13536641E+02
  0.15300282E+01 -0.13576513E+02
  0.15385284E+01 -0.13616074E+02
  0.15470285E+01 -0.13655324E+02
  0.15555287E+01 -0.13694260E+02
  0.15640288E+01 -0.13732883E+02
  0.15725290E+01 -0.13771189E+02
  0.15810291E+01 -0.13809180E+02
  0.15895293E+01 -0.13846853E+02
  0.15980294E+01 -0.13884208E+02
  0.16065296E+01 -0.13921245E+02
  0.16150298E+01 -0.13957963E+02
  0.16235299E+01 -0.13994362E+02
  0.16320301E+01 -0.14030441E+02
  0.16405302E+01 -0.14066200E+02
  0.16490304E+01 -0.14101638E+02
  0.16575305E+01 -0.14136755E+02
  0.16660307E+01 -0.14171550E+02
  0.16745309E+01 -0.14206020E+02
  0.16830310E+01 -0.14240157E+02
  0.16915312E+01 -0.14273925E+02
  0.17000313E+01 -0.14304386E+02
  0.17085315E+01 -0.14273310E+02
  0.17170316E+01 -0.14243412E+02
  0.17255318E+01 -0.14215862E+02
  0.17340320E+01 -0.14190731E+02
  0.17425321E+01 -0.14168053E+02
  0.17510323E+01 -0.14147834E+02
  0.17595324E+01 -0.14130055E+02
  0.17680326E+01 -0.14114673E+02
  0.17765327E+01 -0.14101623E+02
  0.17850329E+01 -0.14090821E+02
  0.17935331E+01 -0.14082166E+02
  0.18020332E+01 -0.14075546E+02
  0.18105334E+01 -0.14070838E+02
  0.18190335E+01 -0.14067912E+02
  0.18275337E+01 -0.14066637E+02
  0.18360338E+01 -0.14066882E+02
  0.18445340E+01 -0.14068517E+02
  0.18530341E+01 -0.14071417E+02
  0.18615343E+01 -0.14075461E+02
  0.18700345E+01 -0.14080536E+02
  0.18785346E+01 -0.14086535E+02
  0.18870348E+01 -0.14093359E+02
  0.18955349E+01 -0.14100916E+02
  0.19040351E+01 -0.14109121E+02
  0.19125352E+01 -0.14117895E+02
  0.19210354E+01 -0.14127169E+02
  0.19295356E+01 -0.14136877E+02
  0.19380357E+01 -0.14146960E+02
  0.19465359E+01 -0.14157364E+02
  0.19550360E+01 -0.14168041E+02
  0.19635362E+01 -0.14178946E+02
  0.19720363E+01 -0.14190040E+02
  0.19805365E+01 -0.14201286E+02
  0.19890367E+01 -0.14212650E+02
  0.19975368E+01 -0.14224102E+02
  0.20060370E+01 -0.14235615E+02
  0.20145371E+01 -0.14247164E+02
  0.20230373E+01 -0.14258726E+02
  0.20315374E+01 -0.14270280E+02
  0.20400376E+01 -0.14281806E+02
  0.20485377E+01 -0.14293287E+02
  0.20570379E+01 -0.14304707E+02
  0.20655381E+01 -0.14316050E+02
  0.20740382E+01 -0.14327303E+02
  0.20825384E+01 -0.14338453E+02
  0.20910385E+01 -0.14349488E+02
  0.20995387E+01 -0.14360397E+02
  0.21080388E+01 -0.14371171E+02
  0.21165390E+01 -0.14381800E+02
  0.21250392E+01 -0.14392276E+02
  0.21335393E+01 -0.14402591E+02
  0.21420395E+01 -0.14412737E+02
  0.21505396E+01 -0.14422709E+02
  0.21590398E+01 -0.14432499E+02
  0.21675399E+01 -0.14442104E+02
  0.21760401E+01 -0.14451518E+02
  0.21845403E+01 -0.14460736E+02
  0.21930404E+01 -0.14469755E+02
  0.22015406E+01 -0.14478572E+02
  0.22100407E+01 -0.14487183E+02
  0.22185409E+01 -0.14495586E+02
  0.22270410E+01 -0.14503778E+02
  0.22355412E+01 -0.14511758E+02
  0.22440414E+01 -0.14519524E+02
  0.22525415E+01 -0.14527075E+02
  0.22610417E+01 -0.14534410E+02
  0.22695418E+01 -0.14541528E+02
  0.22780420E+01 -0.14548429E+02
  0.22865421E+01 -0.14555112E+02
  0.22950423E+01 -0.14561578E+02
  0.23035424E+01 -0.14567825E+02
  0.23120426E+01 -0.14573856E+02
  0.23205428E+01 -0.14579668E+02
  0.23290429E+01 -0.14585264E+02
  0.23375431E+01 -0.14590642E+02
  0.23460432E+01 -0.14595805E+02
  0.23545434E+01 -0.14600752E+02
  0.23630435E+01 -0.14605483E+02
  0.23715437E+01 -0.14609999E+02
  0.23800439E+01 -0.14614300E+02
  0.23885440E+01 -0.14618388E+02
  0.23970442E+01 -0.14622262E+02
  0.24055443E+01 -0.14625923E+02
  0.24140445E+01 -0.14629370E+02
  0.24225446E+01 -0.14632605E+02
  0.24310448E+01 -0.14635628E+02
  0.24395450E+01 -0.14638439E+02
  0.24480451E+01 -0.14641039E+02
  0.24565453E+01 -0.14643426E+02
  0.24650454E+01 -0.14645603E+02
  0.24735456E+01 -0.14647568E+02
  0.24820457E+01 -0.14649322E+02
  0.24905459E+01 -0.14650865E+02
  0.24990461E+01 -0.14652198E+02
  0.25075462E+01 -0.14653320E+02
  0.25160464E+01 -0.14654232E+02
  0.25245465E+01 -0.14654934E+02
  0.25330467E+01 -0.14655426E+02
  0.25415468E+01 -0.14655707E+02
  0.25500470E+01 -0.14655779E+02
  0.25585573E+01 -0.14652519E+02
  0.25670676E+01 -0.14642740E+02
  0.25755779E+01 -0.14626693E+02
  0.25840883E+01 -0.14604759E+02
  0.25925986E+01 -0.14577410E+02
  0.26011089E+01 -0.14545161E+02
  0.26096192E+01 -0.14508535E+02
  0.26181295E+01 -0.14468032E+02
  0.26266399E+01 -0.14424116E+02
  0.26351502E+01 -0.14377203E+02
  0.26436605E+01 -0.14327657E+02
  0.26521708E+01 -0.14275796E+02
  0.26606811E+01 -0.14221894E+02
  0.26691915E+01 -0.14166183E+02
  0.26777018E+01 -0.14108863E+02
  0.26862121E+01 -0.14050105E+02
  0.26947224E+01 -0.13990052E+02
  0.27032327E+01 -0.13928830E+02
  0.27117430E+01 -0.13866544E+02
  0.27202534E+01 -0.13803285E+02
  0.27287637E+01 -0.13739131E+02
  0.27372740E+01 -0.13674150E+02
  0.27457843E+01 -0.13608401E+02
  0.27542946E+01 -0.13541935E+02
  0.27628050E+01 -0.13474796E+02
  0.27713153E+01 -0.13407025E+02
  0.27798256E+01 -0.13338656E+02
  0.27883359E+01 -0.13269718E+02
  0.27968462E+01 -0.13200241E+02
  0.28053565E+01 -0.13130248E+02
  0.28138669E+01 -0.13059762E+02
  0.28223772E+01 -0.12988802E+02
  0.28308875E+01 -0.12917387E+02
  0.28393978E+01 -0.12845534E+02
  0.28479081E+01 -0.12773257E+02
  0.28564185E+01 -0.12700572E+02
  0.28649288E+01 -0.12627492E+02
  0.28734391E+01 -0.12554030E+02
  0.28819494E+01 -0.12480197E+02
  0.28904597E+01 -0.12406006E+02
  0.28989701E+01 -0.12331468E+02
  0.29074804E+01 -0.12256594E+02
  0.29159907E+01 -0.12181393E+02
  0.29245010E+01 -0.12105878E+02
  0.29330113E+01 -0.12030058E+02
  0.29415216E+01 -0.11953945E+02
  0.29500320E+01 -0.11877547E+02
  0.29585423E+01 -0.11800876E+02
  0.29670526E+01 -0.11723942E+02
  0.29755629E+01 -0.11646756E+02
  0.29840732E+01 -0.11569329E+02
  0.29925836E+01 -0.11491671E+02
  0.30010939E+01 -0.11413793E+02
  0.30096042E+01 -0.11335708E+02
  0.30181145E+01 -0.11257425E+02
  0.30266248E+01 -0.11178958E+02
  0.30351352E+01 -0.11100317E+02
  0.30436455E+01 -0.11021515E+02
  0.30521558E+01 -0.10942564E+02
  0.30606661E+01 -0.10863477E+02
  0.30691764E+01 -0.10784265E+02
  0.30776867E+01 -0.10704944E+02
  0.30861971E+01 -0.10625524E+02
  0.30947074E+01 -0.10546021E+02
  0.31032177E+01 -0.10466447E+02
  0.31117280E+01 -0.10386816E+02
  0.31202383E+01 -0.10307143E+02
  0.31287487E+01 -0.10227442E+02
  0.31372590E+01 -0.10147726E+02
  0.31457693E+01 -0.10068012E+02
  0.31542796E+01 -0.99883135E+01
  0.31627899E+01 -0.99086460E+01
  0.31713002E+01 -0.98290247E+01
  0.31798106E+01 -0.97494652E+01
  0.31883209E+01 -0.96699831E+01
  0.31968312E+01 -0.95905944E+01
  0.32053415E+01 -0.95113151E+01
  0.32138518E+01 -0.94321614E+01
  0.32223622E+01 -0.93531497E+01
  0.32308725E+01 -0.92742966E+01
  0.32393828E+01 -0.91956186E+01
  0.32478931E+01 -0.91171327E+01
  0.32564034E+01 -0.90388558E+01
  0.32649138E+01 -0.89608048E+01
  0.32734241E+01 -0.88829970E+01
  0.32819344E+01 -0.88054495E+01
  0.32904447E+01 -0.87281797E+01
  0.32989550E+01 -0.86512049E+01
  0.33074653E+01 -0.85745424E+01
  0.33159757E+01 -0.84982097E+01
  0.33244860E+01 -0.84222241E+01
  0.33329963E+01 -0.83466031E+01
  0.33415066E+01 -0.82713640E+01
  0.33500169E+01 -0.81965241E+01
  0.33585273E+01 -0.81221006E+01
  0.33670376E+01 -0.80481108E+01
  0.33755479E+01 -0.79745717E+01
  0.33840582E+01 -0.79015002E+01
  0.33925685E+01 -0.78289132E+01
  0.34010789E+01 -0.78139641E+01
  0.34095892E+01 -0.78432702E+01
  0.34180995E+01 -0.78722001E+01
  0.34266098E+01 -0.79007533E+01
  0.34351201E+01 -0.79289294E+01
  0.34436304E+01 -0.79567275E+01
  0.34521408E+01 -0.79841471E+01
  0.34606511E+01 -0.80111870E+01
  0.34691614E+01 -0.80378463E+01
  0.34776717E+01 -0.80641239E+01
  0.34861820E+01 -0.80900186E+01
  0.34946924E+01 -0.81155289E+01
  0.35032027E+01 -0.81406534E+01
  0.35117130E+01 -0.81653907E+01
  0.35202233E+01 -0.81897392E+01
  0.35287336E+01 -0.82136973E+01
  0.35372439E+01 -0.82372633E+01
  0.35457543E+01 -0.82604355E+01
  0.35542646E+01 -0.82832124E+01
  0.35627749E+01 -0.83055924E+01
  0.35712852E+01 -0.83275737E+01
  0.35797955E+01 -0.83491550E+01
  0.35883059E+01 -0.83703346E+01
  0.35968162E+01 -0.83911114E+01
  0.36053265E+01 -0.84114839E+01
  0.36138368E+01 -0.84314510E+01
  0.36223471E+01 -0.84510117E+01
  0.36308575E+01 -0.84701650E+01
  0.36393678E+01 -0.84889100E+01
  0.36478781E+01 -0.85072461E+01
  0.36563884E+01 -0.85251727E+01
  0.36648987E+01 -0.85426894E+01
  0.36734090E+01 -0.85597958E+01
  0.36819194E+01 -0.85764918E+01
  0.36904297E+01 -0.85927773E+01
  0.36989400E+01 -0.86086522E+01
  0.37074503E+01 -0.86241166E+01
  0.37159606E+01 -0.86391707E+01
  0.37244710E+01 -0.86538148E+01
  0.37329813E+01 -0.86680490E+01
  0.37414916E+01 -0.86818737E+01
  0.37500019E+01 -0.86952891E+01
  0.37585122E+01 -0.87082957E+01
  0.37670226E+01 -0.87208937E+01
  0.37755329E+01 -0.87330834E+01
  0.37840432E+01 -0.87448650E+01
  0.37925535E+01 -0.87562388E+01
  0.38010638E+01 -0.87672048E+01
  0.38095741E+01 -0.87777631E+01
  0.38180845E+01 -0.87879138E+01
  0.38265948E+01 -0.87976567E+01
  0.38351051E+01 -0.88069917E+01
  0.38436154E+01 -0.88159185E+01
  0.38521257E+01 -0.88244367E+01
  0.38606361E+01 -0.88325460E+01
  0.38691464E+01 -0.88402459E+01
  0.38776567E+01 -0.88475357E+01
  0.38861670E+01 -0.88544148E+01
  0.38946773E+01 -0.88608825E+01
  0.39031876E+01 -0.88669382E+01
  0.39116980E+01 -0.88725809E+01
  0.39202083E+01 -0.88778099E+01
  0.39287186E+01 -0.88826244E+01
  0.39372289E+01 -0.88870235E+01
  0.39457392E+01 -0.88910065E+01
  0.39542496E+01 -0.88945726E+01
  0.39627599E+01 -0.88977210E+01
  0.39712702E+01 -0.89004512E+01
  0.39797805E+01 -0.89027624E+01
  0.39882908E+01 -0.89046541E+01
  0.39968012E+01 -0.89061260E+01
  0.40053115E+01 -0.89071776E+01
  0.40138218E+01 -0.89078087E+01
  0.40223321E+01 -0.89080190E+01
  
  0.00000000E+00 -0.47884154E+01
  0.85001566E-02 -0.47890395E+01
  0.17000313E-01 -0.47909174E+01
  0.25500470E-01 -0.47940485E+01
  0.34000627E-01 -0.47984317E+01
  0.42500783E-01 -0.48040652E+01
  0.51000940E-01 -0.48109472E+01
  0.59501096E-01 -0.48190750E+01
  0.68001253E-01 -0.48284457E+01
  0.76501410E-01 -0.48390560E+01
  0.85001566E-01 -0.48509021E+01
  0.93501723E-01 -0.48639795E+01
  0.10200188E+00 -0.48782838E+01
  0.11050204E+00 -0.48938095E+01
  0.11900219E+00 -0.49105512E+01
  0.12750235E+00 -0.49285027E+01
  0.13600251E+00 -0.49476575E+01
  0.14450266E+00 -0.49680086E+01
  0.15300282E+00 -0.49895485E+01
  0.16150298E+00 -0.50122693E+01
  0.17000313E+00 -0.50361626E+01
  0.17850329E+00 -0.50612196E+01
  0.18700345E+00 -0.50874310E+01
  0.19550360E+00 -0.51147869E+01
  0.20400376E+00 -0.51432772E+01
  0.21250392E+00 -0.51728912E+01
  0.22100407E+00 -0.52036178E+01
  0.22950423E+00 -0.52354454E+01
  0.23800439E+00 -0.52683621E+01
  0.24650454E+00 -0.53023553E+01
  0.25500470E+00 -0.53374122E+01
  0.26350486E+00 -0.53735197E+01
  0.27200501E+00 -0.54106639E+01
  0.28050517E+00 -0.54488309E+01
  0.28900533E+00 -0.54880061E+01
  0.29750548E+00 -0.55281749E+01
  0.30600564E+00 -0.55693219E+01
  0.31450580E+00 -0.56114317E+01
  0.32300595E+00 -0.56544884E+01
  0.33150611E+00 -0.56984760E+01
  0.34000627E+00 -0.57433778E+01
  0.34850642E+00 -0.57891773E+01
  0.35700658E+00 -0.58358574E+01
  0.36550674E+00 -0.58834008E+01
  0.37400689E+00 -0.59317901E+01
  0.38250705E+00 -0.59810076E+01
  0.39100721E+00 -0.60310353E+01
  0.39950736E+00 -0.60818554E+01
  0.40800752E+00 -0.61334494E+01
  0.41650768E+00 -0.61857991E+01
  0.42500783E+00 -0.62388859E+01
  0.43350799E+00 -0.62926911E+01
  0.44200815E+00 -0.63471962E+01
  0.45050830E+00 -0.64023821E+01
  0.45900846E+00 -0.64582301E+01
  0.46750862E+00 -0.65147211E+01
  0.47600877E+00 -0.65718361E+01
  0.48450893E+00 -0.66295561E+01
  0.49300908E+00 -0.66878618E+01
  0.50150924E+00 -0.67467342E+01
  0.51000940E+00 -0.68061540E+01
  0.51850955E+00 -0.68661020E+01
  0.52700971E+00 -0.69265589E+01
  0.53550987E+00 -0.69875056E+01
  0.54401002E+00 -0.70489226E+01
  0.55251018E+00 -0.71107907E+01
  0.56101034E+00 -0.71730906E+01
  0.56951049E+00 -0.72358029E+01
  0.57801065E+00 -0.72989083E+01
  0.58651081E+00 -0.73623873E+01
  0.59501096E+00 -0.74262205E+01
  0.60351112E+00 -0.74903886E+01
  0.61201128E+00 -0.75548720E+01
  0.62051143E+00 -0.76196512E+01
  0.62901159E+00 -0.76847068E+01
  0.63751175E+00 -0.77500192E+01
  0.64601190E+00 -0.77269107E+01
  0.65451206E+00 -0.76961839E+01
  0.66301222E+00 -0.76650735E+01
  0.67151237E+00 -0.76335785E+01
  0.68001253E+00 -0.76016977E+01
  0.68851269E+00 -0.75694303E+01
  0.69701284E+00 -0.75367752E+01
  0.70551300E+00 -0.75037315E+01
  0.71401316E+00 -0.74702986E+01
  0.72251331E+00 -0.74364758E+01
  0.73101347E+00 -0.74022626E+01
  0.73951363E+00 -0.73676589E+01
  0.74801378E+00 -0.73326645E+01
  0.75651394E+00 -0.72972798E+01
  0.76501410E+00 -0.72615051E+01
  0.77351425E+00 -0.72253412E+01
  0.78201441E+00 -0.71887891E+01
  0.79051457E+00 -0.71518499E+01
  0.79901472E+00 -0.71648580E+01
  0.80751488E+00 -0.72114615E+01
  0.81601504E+00 -0.72583716E+01
  0.82451519E+00 -0.73055841E+01
  0.83301535E+00 -0.73530950E+01
  0.84151551E+00 -0.74009003E+01
  0.85001566E+00 -0.74489962E+01
  0.85851582E+00 -0.74973788E+01
  0.86701598E+00 -0.75460445E+01
  0.87551613E+00 -0.75949893E+01
  0.88401629E+00 -0.76442093E+01
  0.89251645E+00 -0.76937006E+01
  0.90101660E+00 -0.77434591E+01
  0.90951676E+00 -0.77934804E+01
  0.91801692E+00 -0.78437600E+01
  0.92651707E+00 -0.78942932E+01
  0.93501723E+00 -0.79450748E+01
  0.94351739E+00 -0.79960994E+01
  0.95201754E+00 -0.80473613E+01
  0.96051770E+00 -0.80988542E+01
  0.96901786E+00 -0.81505717E+01
  0.97751801E+00 -0.82025067E+01
  0.98601817E+00 -0.82546517E+01
  0.99451833E+00 -0.83069989E+01
  0.10030185E+01 -0.83595399E+01
  0.10115186E+01 -0.84122659E+01
  0.10200188E+01 -0.84651677E+01
  0.10285190E+01 -0.85182355E+01
  0.10370191E+01 -0.85714593E+01
  0.10455193E+01 -0.86248286E+01
  0.10540194E+01 -0.86783326E+01
  0.10625196E+01 -0.87319601E+01
  0.10710197E+01 -0.87856998E+01
  0.10795199E+01 -0.88395401E+01
  0.10880200E+01 -0.88934691E+01
  0.10965202E+01 -0.89474749E+01
  0.11050204E+01 -0.90015455E+01
  0.11135205E+01 -0.90556688E+01
  0.11220207E+01 -0.91098328E+01
  0.11305208E+01 -0.91640256E+01
  0.11390210E+01 -0.92182353E+01
  0.11475211E+01 -0.92724505E+01
  0.11560213E+01 -0.93266596E+01
  0.11645215E+01 -0.93808514E+01
  0.11730216E+01 -0.94350153E+01
  0.11815218E+01 -0.94891406E+01
  0.11900219E+01 -0.95432171E+01
  0.11985221E+01 -0.95972351E+01
  0.12070222E+01 -0.96511850E+01
  0.12155224E+01 -0.97050577E+01
  0.12240226E+01 -0.97588445E+01
  0.12325227E+01 -0.98125369E+01
  0.12410229E+01 -0.98661268E+01
  0.12495230E+01 -0.99196061E+01
  0.12580232E+01 -0.99729673E+01
  0.12665233E+01 -0.10026203E+02
  0.12750235E+01 -0.10079304E+02
  0.12835237E+01 -0.10132265E+02
  0.12920238E+01 -0.10185077E+02
  0.13005240E+01 -0.10237733E+02
  0.13090241E+01 -0.10290223E+02
  0.13175243E+01 -0.10342540E+02
  0.13260244E+01 -0.10394674E+02
  0.13345246E+01 -0.10446614E+02
  0.13430247E+01 -0.10498351E+02
  0.13515249E+01 -0.10549872E+02
  0.13600251E+01 -0.10601165E+02
  0.13685252E+01 -0.10652215E+02
  0.13770254E+01 -0.10703007E+02
  0.13855255E+01 -0.10753524E+02
  0.13940257E+01 -0.10803747E+02
  0.14025258E+01 -0.10853656E+02
  0.14110260E+01 -0.10903228E+02
  0.14195262E+01 -0.10952438E+02
  0.14280263E+01 -0.11001260E+02
  0.14365265E+01 -0.11049665E+02
  0.14450266E+01 -0.11097621E+02
  0.14535268E+01 -0.11145093E+02
  0.14620269E+01 -0.11192045E+02
  0.14705271E+01 -0.11238437E+02
  0.14790273E+01 -0.11284224E+02
  0.14875274E+01 -0.11329362E+02
  0.14960276E+01 -0.11373801E+02
  0.15045277E+01 -0.11417486E+02
  0.15130279E+01 -0.11460361E+02
  0.15215280E+01 -0.11502366E+02
  0.15300282E+01 -0.11543435E+02
  0.15385284E+01 -0.11583500E+02
  0.15470285E+01 -0.11622486E+02
  0.15555287E+01 -0.11660316E+02
  0.15640288E+01 -0.11696907E+02
  0.15725290E+01 -0.11732169E+02
  0.15810291E+01 -0.11766010E+02
  0.15895293E+01 -0.11798332E+02
  0.15980294E+01 -0.11829029E+02
  0.16065296E+01 -0.11857992E+02
  0.16150298E+01 -0.11885106E+02
  0.16235299E+01 -0.11910251E+02
  0.16320301E+01 -0.11933301E+02
  0.16405302E+01 -0.11954129E+02
  0.16490304E+01 -0.11972601E+02
  0.16575305E+01 -0.11988585E+02
  0.16660307E+01 -0.12001946E+02
  0.16745309E+01 -0.12012554E+02
  0.16830310E+01 -0.12020281E+02
  0.16915312E+01 -0.12025008E+02
  0.17000313E+01 -0.12026626E+02
  0.17085315E+01 -0.12024993E+02
  0.17170316E+01 -0.12020068E+02
  0.17255318E+01 -0.12011796E+02
  0.17340320E+01 -0.12000143E+02
  0.17425321E+01 -0.11985101E+02
  0.17510323E+01 -0.11966691E+02
  0.17595324E+01 -0.11944958E+02
  0.17680326E+01 -0.11919973E+02
  0.17765327E+01 -0.11891832E+02
  0.17850329E+01 -0.11860653E+02
  0.17935331E+01 -0.11826569E+02
  0.18020332E+01 -0.11789731E+02
  0.18105334E+01 -0.11750299E+02
  0.18190335E+01 -0.11708440E+02
  0.18275337E+01 -0.11664326E+02
  0.18360338E+01 -0.11618129E+02
  0.18445340E+01 -0.11570020E+02
  0.18530341E+01 -0.11520166E+02
  0.18615343E+01 -0.11468728E+02
  0.18700345E+01 -0.11415862E+02
  0.18785346E+01 -0.11361717E+02
  0.18870348E+01 -0.11306432E+02
  0.18955349E+01 -0.11250141E+02
  0.19040351E+01 -0.11192969E+02
  0.19125352E+01 -0.11135032E+02
  0.19210354E+01 -0.11076440E+02
  0.19295356E+01 -0.11017294E+02
  0.19380357E+01 -0.10957692E+02
  0.19465359E+01 -0.10897720E+02
  0.19550360E+01 -0.10837462E+02
  0.19635362E+01 -0.10776994E+02
  0.19720363E+01 -0.10716389E+02
  0.19805365E+01 -0.10655712E+02
  0.19890367E+01 -0.10595027E+02
  0.19975368E+01 -0.10534390E+02
  0.20060370E+01 -0.10473857E+02
  0.20145371E+01 -0.10413478E+02
  0.20230373E+01 -0.10353300E+02
  0.20315374E+01 -0.10293369E+02
  0.20400376E+01 -0.10233726E+02
  0.20485377E+01 -0.10174412E+02
  0.20570379E+01 -0.10115463E+02
  0.20655381E+01 -0.10056916E+02
  0.20740382E+01 -0.99988051E+01
  0.20825384E+01 -0.99411632E+01
  0.20910385E+01 -0.98840215E+01
  0.20995387E+01 -0.98274105E+01
  0.21080388E+01 -0.97713597E+01
  0.21165390E+01 -0.97158975E+01
  0.21250392E+01 -0.96610518E+01
  0.21335393E+01 -0.96068498E+01
  0.21420395E+01 -0.95533181E+01
  0.21505396E+01 -0.95004829E+01
  0.21590398E+01 -0.94483699E+01
  0.21675399E+01 -0.93970043E+01
  0.21760401E+01 -0.93464113E+01
  0.21845403E+01 -0.92966153E+01
  0.21930404E+01 -0.92476406E+01
  0.22015406E+01 -0.91995113E+01
  0.22100407E+01 -0.91522508E+01
  0.22185409E+01 -0.91058824E+01
  0.22270410E+01 -0.90604288E+01
  0.22355412E+01 -0.90159125E+01
  0.22440414E+01 -0.89723553E+01
  0.22525415E+01 -0.89297786E+01
  0.22610417E+01 -0.88882032E+01
  0.22695418E+01 -0.88476493E+01
  0.22780420E+01 -0.88081365E+01
  0.22865421E+01 -0.87696836E+01
  0.22950423E+01 -0.87323087E+01
  0.23035424E+01 -0.86960292E+01
  0.23120426E+01 -0.86608617E+01
  0.23205428E+01 -0.86268218E+01
  0.23290429E+01 -0.85939244E+01
  0.23375431E+01 -0.85621833E+01
  0.23460432E+01 -0.85316117E+01
  0.23545434E+01 -0.85022217E+01
  0.23630435E+01 -0.84740244E+01
  0.23715437E+01 -0.84470303E+01
  0.23800439E+01 -0.84212487E+01
  0.23885440E+01 -0.83966882E+01
  0.23970442E+01 -0.83733565E+01
  0.24055443E+01 -0.83512605E+01
  0.24140445E+01 -0.83304062E+01
  0.24225446E+01 -0.83107992E+01
  0.24310448E+01 -0.82924439E+01
  0.24395450E+01 -0.82753446E+01
  0.24480451E+01 -0.82595046E+01
  0.24565453E+01 -0.82449268E+01
  0.24650454E+01 -0.82316137E+01
  0.24735456E+01 -0.82195672E+01
  0.24820457E+01 -0.82087891E+01
  0.24905459E+01 -0.81992805E+01
  0.24990461E+01 -0.81910425E+01
  0.25075462E+01 -0.81840759E+01
  0.25160464E+01 -0.81783813E+01
  0.25245465E+01 -0.81739590E+01
  0.25330467E+01 -0.81708095E+01
  0.25415468E+01 -0.81689330E+01
  0.25500470E+01 -0.81683295E+01
  0.25585573E+01 -0.81681474E+01
  0.25670676E+01 -0.81676015E+01
  0.25755779E+01 -0.81666911E+01
  0.25840883E+01 -0.81654151E+01
  0.25925986E+01 -0.81637721E+01
  0.26011089E+01 -0.81617601E+01
  0.26096192E+01 -0.81593770E+01
  0.26181295E+01 -0.81566200E+01
  0.26266399E+01 -0.81534859E+01
  0.26351502E+01 -0.81499714E+01
  0.26436605E+01 -0.81460725E+01
  0.26521708E+01 -0.81417849E+01
  0.26606811E+01 -0.81371042E+01
  0.26691915E+01 -0.81320253E+01
  0.26777018E+01 -0.81265429E+01
  0.26862121E+01 -0.81206514E+01
  0.26947224E+01 -0.81143450E+01
  0.27032327E+01 -0.81076175E+01
  0.27117430E+01 -0.81004626E+01
  0.27202534E+01 -0.80928736E+01
  0.27287637E+01 -0.80848439E+01
  0.27372740E+01 -0.80763664E+01
  0.27457843E+01 -0.80674344E+01
  0.27542946E+01 -0.80580407E+01
  0.27628050E+01 -0.80481783E+01
  0.27713153E+01 -0.80378403E+01
  0.27798256E+01 -0.80270197E+01
  0.27883359E+01 -0.80157099E+01
  0.27968462E+01 -0.80039042E+01
  0.28053565E+01 -0.79915963E+01
  0.28138669E+01 -0.79787804E+01
  0.28223772E+01 -0.79654506E+01
  0.28308875E+01 -0.79516019E+01
  0.28393978E+01 -0.79372294E+01
  0.28479081E+01 -0.79223289E+01
  0.28564185E+01 -0.79068967E+01
  0.28649288E+01 -0.78909297E+01
  0.28734391E+01 -0.78744256E+01
  0.28819494E+01 -0.78573826E+01
  0.28904597E+01 -0.78397998E+01
  0.28989701E+01 -0.78216770E+01
  0.29074804E+01 -0.78030146E+01
  0.29159907E+01 -0.77838142E+01
  0.29245010E+01 -0.77640781E+01
  0.29330113E+01 -0.77438092E+01
  0.29415216E+01 -0.77230116E+01
  0.29500320E+01 -0.77016901E+01
  0.29585423E+01 -0.76798504E+01
  0.29670526E+01 -0.76574990E+01
  0.29755629E+01 -0.76346432E+01
  0.29840732E+01 -0.76112912E+01
  0.29925836E+01 -0.75874521E+01
  0.30010939E+01 -0.75631354E+01
  0.30096042E+01 -0.75383516E+01
  0.30181145E+01 -0.75131118E+01
  0.30266248E+01 -0.74874278E+01
  0.30351352E+01 -0.74613118E+01
  0.30436455E+01 -0.74347769E+01
  0.30521558E+01 -0.74078363E+01
  0.30606661E+01 -0.73805038E+01
  0.30691764E+01 -0.73527937E+01
  0.30776867E+01 -0.73247205E+01
  0.30861971E+01 -0.72962989E+01
  0.30947074E+01 -0.72675441E+01
  0.31032177E+01 -0.72384712E+01
  0.31117280E+01 -0.72090955E+01
  0.31202383E+01 -0.71794325E+01
  0.31287487E+01 -0.71494976E+01
  0.31372590E+01 -0.71193062E+01
  0.31457693E+01 -0.70888736E+01
  0.31542796E+01 -0.70582152E+01
  0.31627899E+01 -0.70273460E+01
  0.31713002E+01 -0.69962812E+01
  0.31798106E+01 -0.69650354E+01
  0.31883209E+01 -0.69600103E+01
  0.31968312E+01 -0.69985590E+01
  0.32053415E+01 -0.70367562E+01
  0.32138518E+01 -0.70745990E+01
  0.32223622E+01 -0.71120844E+01
  0.32308725E+01 -0.71492100E+01
  0.32393828E+01 -0.71859732E+01
  0.32478931E+01 -0.72223720E+01
  0.32564034E+01 -0.72584044E+01
  0.32649138E+01 -0.72940688E+01
  0.32734241E+01 -0.73293636E+01
  0.32819344E+01 -0.73642877E+01
  0.32904447E+01 -0.73988400E+01
  0.32989550E+01 -0.74330196E+01
  0.33074653E+01 -0.74668258E+01
  0.33159757E+01 -0.75002580E+01
  0.33244860E+01 -0.75333160E+01
  0.33329963E+01 -0.75659994E+01
  0.33415066E+01 -0.75983079E+01
  0.33500169E+01 -0.76302415E+01
  0.33585273E+01 -0.76618000E+01
  0.33670376E+01 -0.76929834E+01
  0.33755479E+01 -0.77237916E+01
  0.33840582E+01 -0.77542246E+01
  0.33925685E+01 -0.77842821E+01
  0.34010789E+01 -0.77568274E+01
  0.34095892E+01 -0.76852594E+01
  0.34180995E+01 -0.76142254E+01
  0.34266098E+01 -0.75437419E+01
  0.34351201E+01 -0.74738247E+01
  0.34436304E+01 -0.74044899E+01
  0.34521408E+01 -0.73357530E+01
  0.34606511E+01 -0.72676296E+01
  0.34691614E+01 -0.72001351E+01
  0.34776717E+01 -0.71332846E+01
  0.34861820E+01 -0.70670930E+01
  0.34946924E+01 -0.70015753E+01
  0.35032027E+01 -0.69367459E+01
  0.35117130E+01 -0.68726194E+01
  0.35202233E+01 -0.68092102E+01
  0.35287336E+01 -0.67465324E+01
  0.35372439E+01 -0.66846002E+01
  0.35457543E+01 -0.66234273E+01
  0.35542646E+01 -0.65630278E+01
  0.35627749E+01 -0.65034153E+01
  0.35712852E+01 -0.64446035E+01
  0.35797955E+01 -0.63866060E+01
  0.35883059E+01 -0.63294362E+01
  0.35968162E+01 -0.62731077E+01
  0.36053265E+01 -0.62176337E+01
  0.36138368E+01 -0.61630276E+01
  0.36223471E+01 -0.61093028E+01
  0.36308575E+01 -0.60564723E+01
  0.36393678E+01 -0.60045495E+01
  0.36478781E+01 -0.59535474E+01
  0.36563884E+01 -0.59034790E+01
  0.36648987E+01 -0.58543575E+01
  0.36734090E+01 -0.58061956E+01
  0.36819194E+01 -0.57590063E+01
  0.36904297E+01 -0.57128022E+01
  0.36989400E+01 -0.56675960E+01
  0.37074503E+01 -0.56234002E+01
  0.37159606E+01 -0.55802272E+01
  0.37244710E+01 -0.55380891E+01
  0.37329813E+01 -0.54969979E+01
  0.37414916E+01 -0.54569654E+01
  0.37500019E+01 -0.54180032E+01
  0.37585122E+01 -0.53801226E+01
  0.37670226E+01 -0.53433348E+01
  0.37755329E+01 -0.53076504E+01
  0.37840432E+01 -0.52730800E+01
  0.37925535E+01 -0.52396337E+01
  0.38010638E+01 -0.52073214E+01
  0.38095741E+01 -0.51761526E+01
  0.38180845E+01 -0.51461364E+01
  0.38265948E+01 -0.51172815E+01
  0.38351051E+01 -0.50895963E+01
  0.38436154E+01 -0.50630887E+01
  0.38521257E+01 -0.50377664E+01
  0.38606361E+01 -0.50136364E+01
  0.38691464E+01 -0.49907057E+01
  0.38776567E+01 -0.49689804E+01
  0.38861670E+01 -0.49484666E+01
  0.38946773E+01 -0.49291698E+01
  0.39031876E+01 -0.49110951E+01
  0.39116980E+01 -0.48942474E+01
  0.39202083E+01 -0.48786310E+01
  0.39287186E+01 -0.48642499E+01
  0.39372289E+01 -0.48511077E+01
  0.39457392E+01 -0.48392078E+01
  0.39542496E+01 -0.48285531E+01
  0.39627599E+01 -0.48191461E+01
  0.39712702E+01 -0.48109892E+01
  0.39797805E+01 -0.48040843E+01
  0.39882908E+01 -0.47984331E+01
  0.39968012E+01 -0.47940370E+01
  0.40053115E+01 -0.47908975E+01
  0.40138218E+01 -0.47890182E+01
  0.40223321E+01 -0.47884154E+01
  
  0.00000000E+00 -0.47882964E+01
  0.85001566E-02 -0.47885894E+01
  0.17000313E-01 -0.47894645E+01
  0.25500470E-01 -0.47909215E+01
  0.34000627E-01 -0.47929602E+01
  0.42500783E-01 -0.47955807E+01
  0.51000940E-01 -0.47987826E+01
  0.59501096E-01 -0.48025657E+01
  0.68001253E-01 -0.48069298E+01
  0.76501410E-01 -0.48118745E+01
  0.85001566E-01 -0.48173994E+01
  0.93501723E-01 -0.48235040E+01
  0.10200188E+00 -0.48301878E+01
  0.11050204E+00 -0.48374501E+01
  0.11900219E+00 -0.48452902E+01
  0.12750235E+00 -0.48537073E+01
  0.13600251E+00 -0.48627005E+01
  0.14450266E+00 -0.48722687E+01
  0.15300282E+00 -0.48824109E+01
  0.16150298E+00 -0.48931257E+01
  0.17000313E+00 -0.49044119E+01
  0.17850329E+00 -0.49162680E+01
  0.18700345E+00 -0.49286924E+01
  0.19550360E+00 -0.49416835E+01
  0.20400376E+00 -0.49552394E+01
  0.21250392E+00 -0.49693582E+01
  0.22100407E+00 -0.49840380E+01
  0.22950423E+00 -0.49992768E+01
  0.23800439E+00 -0.50150723E+01
  0.24650454E+00 -0.50314223E+01
  0.25500470E+00 -0.50483246E+01
  0.26350486E+00 -0.50657769E+01
  0.27200501E+00 -0.50837768E+01
  0.28050517E+00 -0.51023218E+01
  0.28900533E+00 -0.51214097E+01
  0.29750548E+00 -0.51410380E+01
  0.30600564E+00 -0.51612043E+01
  0.31450580E+00 -0.51819063E+01
  0.32300595E+00 -0.52031416E+01
  0.33150611E+00 -0.52249079E+01
  0.34000627E+00 -0.52472030E+01
  0.34850642E+00 -0.52700248E+01
  0.35700658E+00 -0.52933710E+01
  0.36550674E+00 -0.53172396E+01
  0.37400689E+00 -0.53416286E+01
  0.38250705E+00 -0.53665361E+01
  0.39100721E+00 -0.53919601E+01
  0.39950736E+00 -0.54178988E+01
  0.40800752E+00 -0.54443504E+01
  0.41650768E+00 -0.54713131E+01
  0.42500783E+00 -0.54987851E+01
  0.43350799E+00 -0.55267648E+01
  0.44200815E+00 -0.55552503E+01
  0.45050830E+00 -0.55842399E+01
  0.45900846E+00 -0.56137316E+01
  0.46750862E+00 -0.56437237E+01
  0.47600877E+00 -0.56742142E+01
  0.48450893E+00 -0.57052009E+01
  0.49300908E+00 -0.57366816E+01
  0.50150924E+00 -0.57686540E+01
  0.51000940E+00 -0.58011157E+01
  0.51850955E+00 -0.58340638E+01
  0.52700971E+00 -0.58674955E+01
  0.53550987E+00 -0.59014078E+01
  0.54401002E+00 -0.59357973E+01
  0.55251018E+00 -0.59706605E+01
  0.56101034E+00 -0.60059936E+01
  0.56951049E+00 -0.60417926E+01
  0.57801065E+00 -0.60780532E+01
  0.58651081E+00 -0.61147710E+01
  0.59501096E+00 -0.61519412E+01
  0.60351112E+00 -0.61895588E+01
  0.61201128E+00 -0.62276187E+01
  0.62051143E+00 -0.62661155E+01
  0.62901159E+00 -0.63050435E+01
  0.63751175E+00 -0.63443971E+01
  0.64601190E+00 -0.63841702E+01
  0.65451206E+00 -0.64243570E+01
  0.66301222E+00 -0.64649511E+01
  0.67151237E+00 -0.65059465E+01
  0.68001253E+00 -0.65473368E+01
  0.68851269E+00 -0.65891158E+01
  0.69701284E+00 -0.66312770E+01
  0.70551300E+00 -0.66738144E+01
  0.71401316E+00 -0.67167217E+01
  0.72251331E+00 -0.67599927E+01
  0.73101347E+00 -0.68036215E+01
  0.73951363E+00 -0.68476021E+01
  0.74801378E+00 -0.68919288E+01
  0.75651394E+00 -0.69365961E+01
  0.76501410E+00 -0.69815986E+01
  0.77351425E+00 -0.70269309E+01
  0.78201441E+00 -0.70725881E+01
  0.79051457E+00 -0.71185654E+01
  0.79901472E+00 -0.71145253E+01
  0.80751488E+00 -0.70768170E+01
  0.81601504E+00 -0.70387269E+01
  0.82451519E+00 -0.70002574E+01
  0.83301535E+00 -0.69614109E+01
  0.84151551E+00 -0.69221899E+01
  0.85001566E+00 -0.68825974E+01
  0.85851582E+00 -0.68426361E+01
  0.86701598E+00 -0.68023090E+01
  0.87551613E+00 -0.67616193E+01
  0.88401629E+00 -0.67205699E+01
  0.89251645E+00 -0.66791639E+01
  0.90101660E+00 -0.66374041E+01
  0.90951676E+00 -0.65952934E+01
  0.91801692E+00 -0.65528345E+01
  0.92651707E+00 -0.65100297E+01
  0.93501723E+00 -0.64668815E+01
  0.94351739E+00 -0.64233917E+01
  0.95201754E+00 -0.63795619E+01
  0.96051770E+00 -0.63353937E+01
  0.96901786E+00 -0.62908879E+01
  0.97751801E+00 -0.62460454E+01
  0.98601817E+00 -0.62008662E+01
  0.99451833E+00 -0.61553506E+01
  0.10030185E+01 -0.61094979E+01
  0.10115186E+01 -0.60633075E+01
  0.10200188E+01 -0.60167784E+01
  0.10285190E+01 -0.59699090E+01
  0.10370191E+01 -0.59226978E+01
  0.10455193E+01 -0.58751430E+01
  0.10540194E+01 -0.58272424E+01
  0.10625196E+01 -0.57789940E+01
  0.10710197E+01 -0.57303955E+01
  0.10795199E+01 -0.56814447E+01
  0.10880200E+01 -0.56321394E+01
  0.10965202E+01 -0.55824777E+01
  0.11050204E+01 -0.55324578E+01
  0.11135205E+01 -0.54820782E+01
  0.11220207E+01 -0.54313377E+01
  0.11305208E+01 -0.53802359E+01
  0.11390210E+01 -0.53287724E+01
  0.11475211E+01 -0.52769479E+01
  0.11560213E+01 -0.52247636E+01
  0.11645215E+01 -0.51722213E+01
  0.11730216E+01 -0.51193238E+01
  0.11815218E+01 -0.50660748E+01
  0.11900219E+01 -0.50124789E+01
  0.11985221E+01 -0.49585415E+01
  0.12070222E+01 -0.49042692E+01
  0.12155224E+01 -0.48496697E+01
  0.12240226E+01 -0.47947515E+01
  0.12325227E+01 -0.47395243E+01
  0.12410229E+01 -0.46839989E+01
  0.12495230E+01 -0.46281872E+01
  0.12580232E+01 -0.45721020E+01
  0.12665233E+01 -0.45157572E+01
  0.12750235E+01 -0.44591675E+01
  0.12835237E+01 -0.44023487E+01
  0.12920238E+01 -0.43453175E+01
  0.13005240E+01 -0.42880912E+01
  0.13090241E+01 -0.42306878E+01
  0.13175243E+01 -0.41731263E+01
  0.13260244E+01 -0.41154259E+01
  0.13345246E+01 -0.40576063E+01
  0.13430247E+01 -0.39996879E+01
  0.13515249E+01 -0.39416909E+01
  0.13600251E+01 -0.38836362E+01
  0.13685252E+01 -0.38255445E+01
  0.13770254E+01 -0.37674365E+01
  0.13855255E+01 -0.37093330E+01
  0.13940257E+01 -0.36512546E+01
  0.14025258E+01 -0.35932216E+01
  0.14110260E+01 -0.35352540E+01
  0.14195262E+01 -0.34773714E+01
  0.14280263E+01 -0.34195930E+01
  0.14365265E+01 -0.33619376E+01
  0.14450266E+01 -0.33044233E+01
  0.14535268E+01 -0.32470677E+01
  0.14620269E+01 -0.31898879E+01
  0.14705271E+01 -0.31329002E+01
  0.14790273E+01 -0.30761206E+01
  0.14875274E+01 -0.30195641E+01
  0.14960276E+01 -0.29632455E+01
  0.15045277E+01 -0.29071789E+01
  0.15130279E+01 -0.28513777E+01
  0.15215280E+01 -0.27958550E+01
  0.15300282E+01 -0.27406235E+01
  0.15385284E+01 -0.26856954E+01
  0.15470285E+01 -0.26310826E+01
  0.15555287E+01 -0.25767968E+01
  0.15640288E+01 -0.25228493E+01
  0.15725290E+01 -0.24692515E+01
  0.15810291E+01 -0.24160147E+01
  0.15895293E+01 -0.23631500E+01
  0.15980294E+01 -0.23106689E+01
  0.16065296E+01 -0.22585827E+01
  0.16150298E+01 -0.22069032E+01
  0.16235299E+01 -0.21556421E+01
  0.16320301E+01 -0.21048116E+01
  0.16405302E+01 -0.20544242E+01
  0.16490304E+01 -0.20044928E+01
  0.16575305E+01 -0.19550304E+01
  0.16660307E+01 -0.19060507E+01
  0.16745309E+01 -0.18575677E+01
  0.16830310E+01 -0.18095956E+01
  0.16915312E+01 -0.17621491E+01
  0.17000313E+01 -0.17152432E+01
  0.17085315E+01 -0.17616342E+01
  0.17170316E+01 -0.18076482E+01
  0.17255318E+01 -0.18532478E+01
  0.17340320E+01 -0.18984287E+01
  0.17425321E+01 -0.19431865E+01
  0.17510323E+01 -0.19875167E+01
  0.17595324E+01 -0.20314146E+01
  0.17680326E+01 -0.20748754E+01
  0.17765327E+01 -0.21178945E+01
  0.17850329E+01 -0.21604670E+01
  0.17935331E+01 -0.22025883E+01
  0.18020332E+01 -0.22442541E+01
  0.18105334E+01 -0.22854600E+01
  0.18190335E+01 -0.23262020E+01
  0.18275337E+01 -0.23664765E+01
  0.18360338E+01 -0.24062800E+01
  0.18445340E+01 -0.24456096E+01
  0.18530341E+01 -0.24844628E+01
  0.18615343E+01 -0.25228375E+01
  0.18700345E+01 -0.25607319E+01
  0.18785346E+01 -0.25981450E+01
  0.18870348E+01 -0.26350761E+01
  0.18955349E+01 -0.26715251E+01
  0.19040351E+01 -0.27074923E+01
  0.19125352E+01 -0.27429785E+01
  0.19210354E+01 -0.27779850E+01
  0.19295356E+01 -0.28125135E+01
  0.19380357E+01 -0.28465662E+01
  0.19465359E+01 -0.28801456E+01
  0.19550360E+01 -0.29132545E+01
  0.19635362E+01 -0.29458960E+01
  0.19720363E+01 -0.29780734E+01
  0.19805365E+01 -0.30097903E+01
  0.19890367E+01 -0.30410502E+01
  0.19975368E+01 -0.30718567E+01
  0.20060370E+01 -0.31022136E+01
  0.20145371E+01 -0.31321242E+01
  0.20230373E+01 -0.31615921E+01
  0.20315374E+01 -0.31906204E+01
  0.20400376E+01 -0.32192120E+01
  0.20485377E+01 -0.32473697E+01
  0.20570379E+01 -0.32750955E+01
  0.20655381E+01 -0.33023913E+01
  0.20740382E+01 -0.33292586E+01
  0.20825384E+01 -0.33556982E+01
  0.20910385E+01 -0.33817105E+01
  0.20995387E+01 -0.34072953E+01
  0.21080388E+01 -0.34324519E+01
  0.21165390E+01 -0.34571792E+01
  0.21250392E+01 -0.34814752E+01
  0.21335393E+01 -0.35053378E+01
  0.21420395E+01 -0.35287639E+01
  0.21505396E+01 -0.35517504E+01
  0.21590398E+01 -0.35742934E+01
  0.21675399E+01 -0.35963888E+01
  0.21760401E+01 -0.36180321E+01
  0.21845403E+01 -0.36392183E+01
  0.21930404E+01 -0.36599424E+01
  0.22015406E+01 -0.36801992E+01
  0.22100407E+01 -0.36999831E+01
  0.22185409E+01 -0.37192889E+01
  0.22270410E+01 -0.37381109E+01
  0.22355412E+01 -0.37564440E+01
  0.22440414E+01 -0.37742829E+01
  0.22525415E+01 -0.37916227E+01
  0.22610417E+01 -0.38084587E+01
  0.22695418E+01 -0.38247866E+01
  0.22780420E+01 -0.38406025E+01
  0.22865421E+01 -0.38559029E+01
  0.22950423E+01 -0.38706850E+01
  0.23035424E+01 -0.38849464E+01
  0.23120426E+01 -0.38986853E+01
  0.23205428E+01 -0.39119005E+01
  0.23290429E+01 -0.39245914E+01
  0.23375431E+01 -0.39367580E+01
  0.23460432E+01 -0.39484012E+01
  0.23545434E+01 -0.39595221E+01
  0.23630435E+01 -0.39701227E+01
  0.23715437E+01 -0.39802055E+01
  0.23800439E+01 -0.39897735E+01
  0.23885440E+01 -0.39988302E+01
  0.23970442E+01 -0.40073796E+01
  0.24055443E+01 -0.40154260E+01
  0.24140445E+01 -0.40229742E+01
  0.24225446E+01 -0.40300291E+01
  0.24310448E+01 -0.40365958E+01
  0.24395450E+01 -0.40426797E+01
  0.24480451E+01 -0.40482861E+01
  0.24565453E+01 -0.40534204E+01
  0.24650454E+01 -0.40580877E+01
  0.24735456E+01 -0.40622931E+01
  0.24820457E+01 -0.40660414E+01
  0.24905459E+01 -0.40693372E+01
  0.24990461E+01 -0.40721847E+01
  0.25075462E+01 -0.40745874E+01
  0.25160464E+01 -0.40765487E+01
  0.25245465E+01 -0.40780712E+01
  0.25330467E+01 -0.40791572E+01
  0.25415468E+01 -0.40798082E+01
  0.25500470E+01 -0.40800250E+01
  0.25585573E+01 -0.40812984E+01
  0.25670676E+01 -0.40851124E+01
  0.25755779E+01 -0.40914494E+01
  0.25840883E+01 -0.41002802E+01
  0.25925986E+01 -0.41115647E+01
  0.26011089E+01 -0.41252524E+01
  0.26096192E+01 -0.41412836E+01
  0.26181295E+01 -0.41595900E+01
  0.26266399E+01 -0.41800960E+01
  0.26351502E+01 -0.42027195E+01
  0.26436605E+01 -0.42273733E+01
  0.26521708E+01 -0.42539660E+01
  0.26606811E+01 -0.42824029E+01
  0.26691915E+01 -0.43125874E+01
  0.26777018E+01 -0.43444216E+01
  0.26862121E+01 -0.43778071E+01
  0.26947224E+01 -0.44126460E+01
  0.27032327E+01 -0.44488413E+01
  0.27117430E+01 -0.44862976E+01
  0.27202534E+01 -0.45249215E+01
  0.27287637E+01 -0.45646222E+01
  0.27372740E+01 -0.46053115E+01
  0.27457843E+01 -0.46469045E+01
  0.27542946E+01 -0.46893194E+01
  0.27628050E+01 -0.47324778E+01
  0.27713153E+01 -0.47763052E+01
  0.27798256E+01 -0.48207303E+01
  0.27883359E+01 -0.48656857E+01
  0.27968462E+01 -0.49111077E+01
  0.28053565E+01 -0.49569360E+01
  0.28138669E+01 -0.50031142E+01
  0.28223772E+01 -0.50495892E+01
  0.28308875E+01 -0.50963114E+01
  0.28393978E+01 -0.51432346E+01
  0.28479081E+01 -0.51903157E+01
  0.28564185E+01 -0.52375149E+01
  0.28649288E+01 -0.52847952E+01
  0.28734391E+01 -0.53321225E+01
  0.28819494E+01 -0.53794652E+01
  0.28904597E+01 -0.54267945E+01
  0.28989701E+01 -0.54740839E+01
  0.29074804E+01 -0.55213090E+01
  0.29159907E+01 -0.55684476E+01
  0.29245010E+01 -0.56154794E+01
  0.29330113E+01 -0.56623859E+01
  0.29415216E+01 -0.57091501E+01
  0.29500320E+01 -0.57557566E+01
  0.29585423E+01 -0.58021915E+01
  0.29670526E+01 -0.58484418E+01
  0.29755629E+01 -0.58944959E+01
  0.29840732E+01 -0.59403430E+01
  0.29925836E+01 -0.59859733E+01
  0.30010939E+01 -0.60313776E+01
  0.30096042E+01 -0.60765476E+01
  0.30181145E+01 -0.61214755E+01
  0.30266248E+01 -0.61661539E+01
  0.30351352E+01 -0.62105761E+01
  0.30436455E+01 -0.62547354E+01
  0.30521558E+01 -0.62986259E+01
  0.30606661E+01 -0.63422414E+01
  0.30691764E+01 -0.63855765E+01
  0.30776867E+01 -0.64286257E+01
  0.30861971E+01 -0.64713835E+01
  0.30947074E+01 -0.65138450E+01
  0.31032177E+01 -0.65560051E+01
  0.31117280E+01 -0.65978589E+01
  0.31202383E+01 -0.66394015E+01
  0.31287487E+01 -0.66806285E+01
  0.31372590E+01 -0.67215351E+01
  0.31457693E+01 -0.67621170E+01
  0.31542796E+01 -0.68023698E+01
  0.31627899E+01 -0.68422895E+01
  0.31713002E+01 -0.68818720E+01
  0.31798106E+01 -0.69211135E+01
  0.31883209E+01 -0.69336233E+01
  0.31968312E+01 -0.69020594E+01
  0.32053415E+01 -0.68703578E+01
  0.32138518E+01 -0.68385324E+01
  0.32223622E+01 -0.68065969E+01
  0.32308725E+01 -0.67745649E+01
  0.32393828E+01 -0.67424494E+01
  0.32478931E+01 -0.67102635E+01
  0.32564034E+01 -0.66780199E+01
  0.32649138E+01 -0.66457310E+01
  0.32734241E+01 -0.66134093E+01
  0.32819344E+01 -0.65810666E+01
  0.32904447E+01 -0.65487150E+01
  0.32989550E+01 -0.65163660E+01
  0.33074653E+01 -0.64840314E+01
  0.33159757E+01 -0.64517224E+01
  0.33244860E+01 -0.64194502E+01
  0.33329963E+01 -0.63872261E+01
  0.33415066E+01 -0.63550611E+01
  0.33500169E+01 -0.63229661E+01
  0.33585273E+01 -0.62909518E+01
  0.33670376E+01 -0.62590292E+01
  0.33755479E+01 -0.62272089E+01
  0.33840582E+01 -0.61955016E+01
  0.33925685E+01 -0.61639178E+01
  0.34010789E+01 -0.61324681E+01
  0.34095892E+01 -0.61011630E+01
  0.34180995E+01 -0.60700131E+01
  0.34266098E+01 -0.60390286E+01
  0.34351201E+01 -0.60082201E+01
  0.34436304E+01 -0.59775977E+01
  0.34521408E+01 -0.59471719E+01
  0.34606511E+01 -0.59169529E+01
  0.34691614E+01 -0.58869507E+01
  0.34776717E+01 -0.58571756E+01
  0.34861820E+01 -0.58276375E+01
  0.34946924E+01 -0.57983464E+01
  0.35032027E+01 -0.57693121E+01
  0.35117130E+01 -0.57405444E+01
  0.35202233E+01 -0.57120530E+01
  0.35287336E+01 -0.56838473E+01
  0.35372439E+01 -0.56559369E+01
  0.35457543E+01 -0.56283310E+01
  0.35542646E+01 -0.56010388E+01
  0.35627749E+01 -0.55740693E+01
  0.35712852E+01 -0.55474314E+01
  0.35797955E+01 -0.55211339E+01
  0.35883059E+01 -0.54951853E+01
  0.35968162E+01 -0.54695941E+01
  0.36053265E+01 -0.54443686E+01
  0.36138368E+01 -0.54195170E+01
  0.36223471E+01 -0.53950472E+01
  0.36308575E+01 -0.53709671E+01
  0.36393678E+01 -0.53472843E+01
  0.36478781E+01 -0.53240063E+01
  0.36563884E+01 -0.53011406E+01
  0.36648987E+01 -0.52786944E+01
  0.36734090E+01 -0.52566746E+01
  0.36819194E+01 -0.52350883E+01
  0.36904297E+01 -0.52139422E+01
  0.36989400E+01 -0.51932430E+01
  0.37074503E+01 -0.51729971E+01
  0.37159606E+01 -0.51532108E+01
  0.37244710E+01 -0.51338904E+01
  0.37329813E+01 -0.51150419E+01
  0.37414916E+01 -0.50966712E+01
  0.37500019E+01 -0.50787841E+01
  0.37585122E+01 -0.50613863E+01
  0.37670226E+01 -0.50444832E+01
  0.37755329E+01 -0.50280801E+01
  0.37840432E+01 -0.50121824E+01
  0.37925535E+01 -0.49967949E+01
  0.38010638E+01 -0.49819227E+01
  0.38095741E+01 -0.49675706E+01
  0.38180845E+01 -0.49537430E+01
  0.38265948E+01 -0.49404445E+01
  0.38351051E+01 -0.49276793E+01
  0.38436154E+01 -0.49154517E+01
  0.38521257E+01 -0.49037655E+01
  0.38606361E+01 -0.48926246E+01
  0.38691464E+01 -0.48820326E+01
  0.38776567E+01 -0.48719930E+01
  0.38861670E+01 -0.48625090E+01
  0.38946773E+01 -0.48535839E+01
  0.39031876E+01 -0.48452205E+01
  0.39116980E+01 -0.48374216E+01
  0.39202083E+01 -0.48301899E+01
  0.39287186E+01 -0.48235276E+01
  0.39372289E+01 -0.48174369E+01
  0.39457392E+01 -0.48119200E+01
  0.39542496E+01 -0.48069787E+01
  0.39627599E+01 -0.48026146E+01
  0.39712702E+01 -0.47988291E+01
  0.39797805E+01 -0.47956235E+01
  0.39882908E+01 -0.47929988E+01
  0.39968012E+01 -0.47909559E+01
  0.40053115E+01 -0.47894949E+01
  0.40138218E+01 -0.47886136E+01
  0.40223321E+01 -0.47882964E+01
  
  0.00000000E+00  0.97294441E+01
  0.85001566E-02  0.97287453E+01
  0.17000313E-01  0.97266494E+01
  0.25500470E-01  0.97231574E+01
  0.34000627E-01  0.97182712E+01
  0.42500783E-01  0.97119933E+01
  0.51000940E-01  0.97043270E+01
  0.59501096E-01  0.96952763E+01
  0.68001253E-01  0.96848459E+01
  0.76501410E-01  0.96730412E+01
  0.85001566E-01  0.96598681E+01
  0.93501723E-01  0.96453333E+01
  0.10200188E+00  0.96294441E+01
  0.11050204E+00  0.96122086E+01
  0.11900219E+00  0.95936350E+01
  0.12750235E+00  0.95737326E+01
  0.13600251E+00  0.95525110E+01
  0.14450266E+00  0.95299802E+01
  0.15300282E+00  0.95061510E+01
  0.16150298E+00  0.94810345E+01
  0.17000313E+00  0.94546422E+01
  0.17850329E+00  0.94269864E+01
  0.18700345E+00  0.93980793E+01
  0.19550360E+00  0.93679339E+01
  0.20400376E+00  0.93365636E+01
  0.21250392E+00  0.93039818E+01
  0.22100407E+00  0.92702028E+01
  0.22950423E+00  0.92352408E+01
  0.23800439E+00  0.91991106E+01
  0.24650454E+00  0.91618271E+01
  0.25500470E+00  0.91234058E+01
  0.26350486E+00  0.90838624E+01
  0.27200501E+00  0.90432128E+01
  0.28050517E+00  0.90014733E+01
  0.28900533E+00  0.89586604E+01
  0.29750548E+00  0.89147910E+01
  0.30600564E+00  0.88698822E+01
  0.31450580E+00  0.88239514E+01
  0.32300595E+00  0.87770162E+01
  0.33150611E+00  0.87290945E+01
  0.34000627E+00  0.86802046E+01
  0.34850642E+00  0.86303647E+01
  0.35700658E+00  0.85795935E+01
  0.36550674E+00  0.85279098E+01
  0.37400689E+00  0.84753325E+01
  0.38250705E+00  0.84218811E+01
  0.39100721E+00  0.83675747E+01
  0.39950736E+00  0.83124330E+01
  0.40800752E+00  0.82564756E+01
  0.41650768E+00  0.81997222E+01
  0.42500783E+00  0.81421929E+01
  0.43350799E+00  0.80839073E+01
  0.44200815E+00  0.80248857E+01
  0.45050830E+00  0.79651478E+01
  0.45900846E+00  0.79047137E+01
  0.46750862E+00  0.78436033E+01
  0.47600877E+00  0.77818364E+01
  0.48450893E+00  0.77194329E+01
  0.49300908E+00  0.76564122E+01
  0.50150924E+00  0.75927939E+01
  0.51000940E+00  0.75285971E+01
  0.51850955E+00  0.74638411E+01
  0.52700971E+00  0.73985445E+01
  0.53550987E+00  0.73327259E+01
  0.54401002E+00  0.72664036E+01
  0.55251018E+00  0.71995955E+01
  0.56101034E+00  0.71323192E+01
  0.56951049E+00  0.70645921E+01
  0.57801065E+00  0.69964310E+01
  0.58651081E+00  0.69278526E+01
  0.59501096E+00  0.68588730E+01
  0.60351112E+00  0.67895081E+01
  0.61201128E+00  0.67197734E+01
  0.62051143E+00  0.66496840E+01
  0.62901159E+00  0.65792546E+01
  0.63751175E+00  0.65084996E+01
  0.64601190E+00  0.64374332E+01
  0.65451206E+00  0.63660691E+01
  0.66301222E+00  0.62944207E+01
  0.67151237E+00  0.62225012E+01
  0.68001253E+00  0.61503235E+01
  0.68851269E+00  0.60779004E+01
  0.69701284E+00  0.60052443E+01
  0.70551300E+00  0.59323675E+01
  0.71401316E+00  0.58592821E+01
  0.72251331E+00  0.57860002E+01
  0.73101347E+00  0.57125336E+01
  0.73951363E+00  0.56388942E+01
  0.74801378E+00  0.55650937E+01
  0.75651394E+00  0.54911439E+01
  0.76501410E+00  0.54170565E+01
  0.77351425E+00  0.53428431E+01
  0.78201441E+00  0.52685155E+01
  0.79051457E+00  0.51940854E+01
  0.79901472E+00  0.51195645E+01
  0.80751488E+00  0.50449648E+01
  0.81601504E+00  0.49702979E+01
  0.82451519E+00  0.48955758E+01
  0.83301535E+00  0.48208103E+01
  0.84151551E+00  0.47460134E+01
  0.85001566E+00  0.46711969E+01
  0.85851582E+00  0.45963727E+01
  0.86701598E+00  0.45215528E+01
  0.87551613E+00  0.44467488E+01
  0.88401629E+00  0.43719725E+01
  0.89251645E+00  0.42972355E+01
  0.90101660E+00  0.42225492E+01
  0.90951676E+00  0.41479251E+01
  0.91801692E+00  0.40733741E+01
  0.92651707E+00  0.39989071E+01
  0.93501723E+00  0.39245348E+01
  0.94351739E+00  0.38502675E+01
  0.95201754E+00  0.37761152E+01
  0.96051770E+00  0.37020876E+01
  0.96901786E+00  0.36281939E+01
  0.97751801E+00  0.35544432E+01
  0.98601817E+00  0.34808439E+01
  0.99451833E+00  0.34074041E+01
  0.10030185E+01  0.33341315E+01
  0.10115186E+01  0.32610333E+01
  0.10200188E+01  0.31881163E+01
  0.10285190E+01  0.31153867E+01
  0.10370191E+01  0.30428506E+01
  0.10455193E+01  0.29705134E+01
  0.10540194E+01  0.28983800E+01
  0.10625196E+01  0.28264553E+01
  0.10710197E+01  0.27547435E+01
  0.10795199E+01  0.26832485E+01
  0.10880200E+01  0.26119740E+01
  0.10965202E+01  0.25409232E+01
  0.11050204E+01  0.24700994E+01
  0.11135205E+01  0.23995053E+01
  0.11220207E+01  0.23291437E+01
  0.11305208E+01  0.22590172E+01
  0.11390210E+01  0.21891282E+01
  0.11475211E+01  0.21194793E+01
  0.11560213E+01  0.20500728E+01
  0.11645215E+01  0.19809112E+01
  0.11730216E+01  0.19119970E+01
  0.11815218E+01  0.18433328E+01
  0.11900219E+01  0.17749215E+01
  0.11985221E+01  0.17067660E+01
  0.12070222E+01  0.16388693E+01
  0.12155224E+01  0.15712348E+01
  0.12240226E+01  0.15038661E+01
  0.12325227E+01  0.14367669E+01
  0.12410229E+01  0.13699414E+01
  0.12495230E+01  0.13033938E+01
  0.12580232E+01  0.12371286E+01
  0.12665233E+01  0.11711506E+01
  0.12750235E+01  0.11054649E+01
  0.12835237E+01  0.10400766E+01
  0.12920238E+01  0.97499116E+00
  0.13005240E+01  0.91021411E+00
  0.13090241E+01  0.84575115E+00
  0.13175243E+01  0.78160807E+00
  0.13260244E+01  0.71779070E+00
  0.13345246E+01  0.65430491E+00
  0.13430247E+01  0.59115655E+00
  0.13515249E+01  0.52835142E+00
  0.13600251E+01  0.46589519E+00
  0.13685252E+01  0.40379343E+00
  0.13770254E+01  0.34205148E+00
  0.13855255E+01  0.28067451E+00
  0.13940257E+01  0.21966740E+00
  0.14025258E+01  0.15903474E+00
  0.14110260E+01  0.98780831E-01
  0.14195262E+01  0.38909590E-01
  0.14280263E+01 -0.20575414E-01
  0.14365265E+01 -0.79671004E-01
  0.14450266E+01 -0.13837440E+00
  0.14535268E+01 -0.19668322E+00
  0.14620269E+01 -0.25459550E+00
  0.14705271E+01 -0.31210967E+00
  0.14790273E+01 -0.36922455E+00
  0.14875274E+01 -0.42593935E+00
  0.14960276E+01 -0.48225362E+00
  0.15045277E+01 -0.53816725E+00
  0.15130279E+01 -0.59368044E+00
  0.15215280E+01 -0.64879364E+00
  0.15300282E+01 -0.70350752E+00
  0.15385284E+01 -0.75782297E+00
  0.15470285E+01 -0.81174100E+00
  0.15555287E+01 -0.86526271E+00
  0.15640288E+01 -0.91838925E+00
  0.15725290E+01 -0.97112179E+00
  0.15810291E+01 -0.10234614E+01
  0.15895293E+01 -0.10754092E+01
  0.15980294E+01 -0.11269659E+01
  0.16065296E+01 -0.11781323E+01
  0.16150298E+01 -0.12289088E+01
  0.16235299E+01 -0.12792956E+01
  0.16320301E+01 -0.13292926E+01
  0.16405302E+01 -0.13788994E+01
  0.16490304E+01 -0.14281152E+01
  0.16575305E+01 -0.14769388E+01
  0.16660307E+01 -0.15253688E+01
  0.16745309E+01 -0.15734033E+01
  0.16830310E+01 -0.16210399E+01
  0.16915312E+01 -0.16682760E+01
  0.17000313E+01 -0.17151087E+01
  0.17085315E+01 -0.16687946E+01
  0.17170316E+01 -0.16230183E+01
  0.17255318E+01 -0.15778291E+01
  0.17340320E+01 -0.15332427E+01
  0.17425321E+01 -0.14892749E+01
  0.17510323E+01 -0.14459414E+01
  0.17595324E+01 -0.14032578E+01
  0.17680326E+01 -0.13612393E+01
  0.17765327E+01 -0.13199008E+01
  0.17850329E+01 -0.12792569E+01
  0.17935331E+01 -0.12393215E+01
  0.18020332E+01 -0.12001078E+01
  0.18105334E+01 -0.11616282E+01
  0.18190335E+01 -0.11238945E+01
  0.18275337E+01 -0.10869172E+01
  0.18360338E+01 -0.10507060E+01
  0.18445340E+01 -0.10152694E+01
  0.18530341E+01 -0.98061462E+00
  0.18615343E+01 -0.94674767E+00
  0.18700345E+01 -0.91367325E+00
  0.18785346E+01 -0.88139466E+00
  0.18870348E+01 -0.84991382E+00
  0.18955349E+01 -0.81923120E+00
  0.19040351E+01 -0.78934586E+00
  0.19125352E+01 -0.76025543E+00
  0.19210354E+01 -0.73195613E+00
  0.19295356E+01 -0.70444279E+00
  0.19380357E+01 -0.67770891E+00
  0.19465359E+01 -0.65174671E+00
  0.19550360E+01 -0.62654717E+00
  0.19635362E+01 -0.60210012E+00
  0.19720363E+01 -0.57839436E+00
  0.19805365E+01 -0.55541769E+00
  0.19890367E+01 -0.53315703E+00
  0.19975368E+01 -0.51159855E+00
  0.20060370E+01 -0.49072777E+00
  0.20145371E+01 -0.47052965E+00
  0.20230373E+01 -0.45098872E+00
  0.20315374E+01 -0.43208920E+00
  0.20400376E+01 -0.41381511E+00
  0.20485377E+01 -0.39615038E+00
  0.20570379E+01 -0.37907896E+00
  0.20655381E+01 -0.36258493E+00
  0.20740382E+01 -0.34665258E+00
  0.20825384E+01 -0.33126649E+00
  0.20910385E+01 -0.31641165E+00
  0.20995387E+01 -0.30207351E+00
  0.21080388E+01 -0.28823803E+00
  0.21165390E+01 -0.27489172E+00
  0.21250392E+01 -0.26202174E+00
  0.21335393E+01 -0.24961585E+00
  0.21420395E+01 -0.23766247E+00
  0.21505396E+01 -0.22615068E+00
  0.21590398E+01 -0.21507022E+00
  0.21675399E+01 -0.20441143E+00
  0.21760401E+01 -0.19416530E+00
  0.21845403E+01 -0.18432335E+00
  0.21930404E+01 -0.17487763E+00
  0.22015406E+01 -0.16582068E+00
  0.22100407E+01 -0.15714543E+00
  0.22185409E+01 -0.14884516E+00
  0.22270410E+01 -0.14091342E+00
  0.22355412E+01 -0.13334397E+00
  0.22440414E+01 -0.12613070E+00
  0.22525415E+01 -0.11926755E+00
  0.22610417E+01 -0.11274844E+00
  0.22695418E+01 -0.10656721E+00
  0.22780420E+01 -0.10071754E+00
  0.22865421E+01 -0.95192895E-01
  0.22950423E+01 -0.89986465E-01
  0.23035424E+01 -0.85091125E-01
  0.23120426E+01 -0.80499388E-01
  0.23205428E+01 -0.76203374E-01
  0.23290429E+01 -0.72194788E-01
  0.23375431E+01 -0.68464911E-01
  0.23460432E+01 -0.65004592E-01
  0.23545434E+01 -0.61804262E-01
  0.23630435E+01 -0.58853951E-01
  0.23715437E+01 -0.56143316E-01
  0.23800439E+01 -0.53661681E-01
  0.23885440E+01 -0.51398086E-01
  0.23970442E+01 -0.49341344E-01
  0.24055443E+01 -0.47480108E-01
  0.24140445E+01 -0.45802939E-01
  0.24225446E+01 -0.44298393E-01
  0.24310448E+01 -0.42955096E-01
  0.24395450E+01 -0.41761839E-01
  0.24480451E+01 -0.40707664E-01
  0.24565453E+01 -0.39781961E-01
  0.24650454E+01 -0.38974552E-01
  0.24735456E+01 -0.38275789E-01
  0.24820457E+01 -0.37676638E-01
  0.24905459E+01 -0.37168764E-01
  0.24990461E+01 -0.36744611E-01
  0.25075462E+01 -0.36397472E-01
  0.25160464E+01 -0.36121554E-01
  0.25245465E+01 -0.35912040E-01
  0.25330467E+01 -0.35765131E-01
  0.25415468E+01 -0.35678086E-01
  0.25500470E+01 -0.35649248E-01
  0.25585573E+01 -0.34086356E-01
  0.25670676E+01 -0.29402729E-01
  0.25755779E+01 -0.21613416E-01
  0.25840883E+01 -0.10743190E-01
  0.25925986E+01  0.31739085E-02
  0.26011089E+01  0.20095176E-01
  0.26096192E+01  0.39969973E-01
  0.26181295E+01  0.62740545E-01
  0.26266399E+01  0.88342907E-01
  0.26351502E+01  0.11670775E+00
  0.26436605E+01  0.14776137E+00
  0.26521708E+01  0.18142650E+00
  0.26606811E+01  0.21762322E+00
  0.26691915E+01  0.25626965E+00
  0.26777018E+01  0.29728269E+00
  0.26862121E+01  0.34057863E+00
  0.26947224E+01  0.38607364E+00
  0.27032327E+01  0.43368426E+00
  0.27117430E+01  0.48332773E+00
  0.27202534E+01  0.53492230E+00
  0.27287637E+01  0.58838745E+00
  0.27372740E+01  0.64364407E+00
  0.27457843E+01  0.70061456E+00
  0.27542946E+01  0.75922296E+00
  0.27628050E+01  0.81939495E+00
  0.27713153E+01  0.88105792E+00
  0.27798256E+01  0.94414094E+00
  0.27883359E+01  0.10085748E+01
  0.27968462E+01  0.10742919E+01
  0.28053565E+01  0.11412264E+01
  0.28138669E+01  0.12093141E+01
  0.28223772E+01  0.12784924E+01
  0.28308875E+01  0.13487003E+01
  0.28393978E+01  0.14198784E+01
  0.28479081E+01  0.14919690E+01
  0.28564185E+01  0.15649159E+01
  0.28649288E+01  0.16386646E+01
  0.28734391E+01  0.17131623E+01
  0.28819494E+01  0.17883576E+01
  0.28904597E+01  0.18642010E+01
  0.28989701E+01  0.19406447E+01
  0.29074804E+01  0.20176424E+01
  0.29159907E+01  0.20951498E+01
  0.29245010E+01  0.21731241E+01
  0.29330113E+01  0.22515246E+01
  0.29415216E+01  0.23303121E+01
  0.29500320E+01  0.24094495E+01
  0.29585423E+01  0.24889013E+01
  0.29670526E+01  0.25686340E+01
  0.29755629E+01  0.26486156E+01
  0.29840732E+01  0.27288164E+01
  0.29925836E+01  0.28092081E+01
  0.30010939E+01  0.28897642E+01
  0.30096042E+01  0.29704601E+01
  0.30181145E+01  0.30512725E+01
  0.30266248E+01  0.31321801E+01
  0.30351352E+01  0.32131629E+01
  0.30436455E+01  0.32942023E+01
  0.30521558E+01  0.33752813E+01
  0.30606661E+01  0.34563838E+01
  0.30691764E+01  0.35374953E+01
  0.30776867E+01  0.36186022E+01
  0.30861971E+01  0.36996917E+01
  0.30947074E+01  0.37807522E+01
  0.31032177E+01  0.38617727E+01
  0.31117280E+01  0.39427429E+01
  0.31202383E+01  0.40236530E+01
  0.31287487E+01  0.41044938E+01
  0.31372590E+01  0.41852563E+01
  0.31457693E+01  0.42659320E+01
  0.31542796E+01  0.43465124E+01
  0.31627899E+01  0.44269891E+01
  0.31713002E+01  0.45073538E+01
  0.31798106E+01  0.45875982E+01
  0.31883209E+01  0.46677138E+01
  0.31968312E+01  0.47476921E+01
  0.32053415E+01  0.48275241E+01
  0.32138518E+01  0.49072008E+01
  0.32223622E+01  0.49867130E+01
  0.32308725E+01  0.50660509E+01
  0.32393828E+01  0.51452047E+01
  0.32478931E+01  0.52241639E+01
  0.32564034E+01  0.53029181E+01
  0.32649138E+01  0.53814563E+01
  0.32734241E+01  0.54597671E+01
  0.32819344E+01  0.55378389E+01
  0.32904447E+01  0.56156599E+01
  0.32989550E+01  0.56932176E+01
  0.33074653E+01  0.57704996E+01
  0.33159757E+01  0.58474930E+01
  0.33244860E+01  0.59241848E+01
  0.33329963E+01  0.60005615E+01
  0.33415066E+01  0.60766097E+01
  0.33500169E+01  0.61523155E+01
  0.33585273E+01  0.62276650E+01
  0.33670376E+01  0.63026440E+01
  0.33755479E+01  0.63772382E+01
  0.33840582E+01  0.64514332E+01
  0.33925685E+01  0.65252142E+01
  0.34010789E+01  0.65985665E+01
  0.34095892E+01  0.66714753E+01
  0.34180995E+01  0.67439255E+01
  0.34266098E+01  0.68159020E+01
  0.34351201E+01  0.68873895E+01
  0.34436304E+01  0.69583727E+01
  0.34521408E+01  0.70288361E+01
  0.34606511E+01  0.70987642E+01
  0.34691614E+01  0.71681411E+01
  0.34776717E+01  0.72369512E+01
  0.34861820E+01  0.73051785E+01
  0.34946924E+01  0.73728070E+01
  0.35032027E+01  0.74398205E+01
  0.35117130E+01  0.75062029E+01
  0.35202233E+01  0.75719377E+01
  0.35287336E+01  0.76370087E+01
  0.35372439E+01  0.77013991E+01
  0.35457543E+01  0.77650926E+01
  0.35542646E+01  0.78280723E+01
  0.35627749E+01  0.78903215E+01
  0.35712852E+01  0.79518234E+01
  0.35797955E+01  0.80125611E+01
  0.35883059E+01  0.80725178E+01
  0.35968162E+01  0.81316765E+01
  0.36053265E+01  0.81900203E+01
  0.36138368E+01  0.82475323E+01
  0.36223471E+01  0.83041955E+01
  0.36308575E+01  0.83599930E+01
  0.36393678E+01  0.84149081E+01
  0.36478781E+01  0.84689238E+01
  0.36563884E+01  0.85220236E+01
  0.36648987E+01  0.85741907E+01
  0.36734090E+01  0.86254085E+01
  0.36819194E+01  0.86756608E+01
  0.36904297E+01  0.87249310E+01
  0.36989400E+01  0.87732031E+01
  0.37074503E+01  0.88204610E+01
  0.37159606E+01  0.88666887E+01
  0.37244710E+01  0.89118706E+01
  0.37329813E+01  0.89559909E+01
  0.37414916E+01  0.89990343E+01
  0.37500019E+01  0.90409856E+01
  0.37585122E+01  0.90818297E+01
  0.37670226E+01  0.91215517E+01
  0.37755329E+01  0.91601371E+01
  0.37840432E+01  0.91975712E+01
  0.37925535E+01  0.92338400E+01
  0.38010638E+01  0.92689295E+01
  0.38095741E+01  0.93028259E+01
  0.38180845E+01  0.93355158E+01
  0.38265948E+01  0.93669859E+01
  0.38351051E+01  0.93972234E+01
  0.38436154E+01  0.94262156E+01
  0.38521257E+01  0.94539502E+01
  0.38606361E+01  0.94804154E+01
  0.38691464E+01  0.95055994E+01
  0.38776567E+01  0.95294912E+01
  0.38861670E+01  0.95520800E+01
  0.38946773E+01  0.95733553E+01
  0.39031876E+01  0.95933073E+01
  0.39116980E+01  0.96119266E+01
  0.39202083E+01  0.96292042E+01
  0.39287186E+01  0.96451319E+01
  0.39372289E+01  0.96597016E+01
  0.39457392E+01  0.96729064E+01
  0.39542496E+01  0.96847394E+01
  0.39627599E+01  0.96951947E+01
  0.39712702E+01  0.97042670E+01
  0.39797805E+01  0.97119516E+01
  0.39882908E+01  0.97182445E+01
  0.39968012E+01  0.97231424E+01
  0.40053115E+01  0.97266427E+01
  0.40138218E+01  0.97287436E+01
  0.40223321E+01  0.97294441E+01
  
