  0.50000000E-01  0.64389622E-05  0.11245241E-07
  0.60000000E-01  0.64389805E-05  0.11735132E-07
  0.70000000E-01  0.64390021E-05  0.12226087E-07
  0.80000000E-01  0.64390271E-05  0.12718056E-07
  0.90000000E-01  0.64390555E-05  0.13210990E-07
  0.10000000E+00  0.64390872E-05  0.13704838E-07
  0.11000000E+00  0.64391224E-05  0.14199548E-07
  0.12000000E+00  0.64391610E-05  0.14695067E-07
  0.13000000E+00  0.64392030E-05  0.15191341E-07
  0.14000000E+00  0.64392484E-05  0.15688314E-07
  0.15000000E+00  0.64392974E-05  0.16185930E-07
  0.16000000E+00  0.64393498E-05  0.16684129E-07
  0.17000000E+00  0.64394057E-05  0.17182851E-07
  0.18000000E+00  0.64394653E-05  0.17682030E-07
  0.19000000E+00  0.64395283E-05  0.18181602E-07
  0.20000000E+00  0.64395950E-05  0.18681498E-07
  0.21000000E+00  0.64396654E-05  0.19181646E-07
  0.22000000E+00  0.64397394E-05  0.19681971E-07
  0.23000000E+00  0.64398170E-05  0.20182395E-07
  0.24000000E+00  0.64398985E-05  0.20682836E-07
  0.25000000E+00  0.64399836E-05  0.21183209E-07
  0.26000000E+00  0.64400726E-05  0.21683424E-07
  0.27000000E+00  0.64401654E-05  0.22183387E-07
  0.28000000E+00  0.64402621E-05  0.22683002E-07
  0.29000000E+00  0.64403627E-05  0.23182164E-07
  0.30000000E+00  0.64404672E-05  0.23680768E-07
  0.31000000E+00  0.64405757E-05  0.24178700E-07
  0.32000000E+00  0.64406882E-05  0.24675845E-07
  0.33000000E+00  0.64408048E-05  0.25172079E-07
  0.34000000E+00  0.64409255E-05  0.25667274E-07
  0.35000000E+00  0.64410503E-05  0.26161299E-07
  0.36000000E+00  0.64411793E-05  0.26654013E-07
  0.37000000E+00  0.64413125E-05  0.27145272E-07
  0.38000000E+00  0.64414499E-05  0.27634925E-07
  0.39000000E+00  0.64415917E-05  0.28122816E-07
  0.40000000E+00  0.64417377E-05  0.28608781E-07
  0.41000000E+00  0.64418882E-05  0.29092652E-07
  0.42000000E+00  0.64420430E-05  0.29574252E-07
  0.43000000E+00  0.64422023E-05  0.30053399E-07
  0.44000000E+00  0.64423661E-05  0.30529905E-07
  0.45000000E+00  0.64425344E-05  0.31003573E-07
  0.46000000E+00  0.64427073E-05  0.31474201E-07
  0.47000000E+00  0.64428848E-05  0.31941581E-07
  0.48000000E+00  0.64430669E-05  0.32405495E-07
  0.49000000E+00  0.64432537E-05  0.32865720E-07
  0.50000000E+00  0.64434452E-05  0.33322026E-07
  0.51000000E+00  0.64436415E-05  0.33774175E-07
  0.52000000E+00  0.64438425E-05  0.34221922E-07
  0.53000000E+00  0.64440484E-05  0.34665016E-07
  0.54000000E+00  0.64442591E-05  0.35103196E-07
  0.55000000E+00  0.64444748E-05  0.35536196E-07
  0.56000000E+00  0.64446954E-05  0.35963741E-07
  0.57000000E+00  0.64449209E-05  0.36385550E-07
  0.58000000E+00  0.64451515E-05  0.36801332E-07
  0.59000000E+00  0.64453871E-05  0.37210792E-07
  0.60000000E+00  0.64456279E-05  0.37613623E-07
  0.61000000E+00  0.64458737E-05  0.38009515E-07
  0.62000000E+00  0.64461248E-05  0.38398146E-07
  0.63000000E+00  0.64463810E-05  0.38779188E-07
  0.64000000E+00  0.64466426E-05  0.39152306E-07
  0.65000000E+00  0.64469094E-05  0.39517155E-07
  0.66000000E+00  0.64471816E-05  0.39873383E-07
  0.67000000E+00  0.64474591E-05  0.40220630E-07
  0.68000000E+00  0.64477421E-05  0.40558529E-07
  0.69000000E+00  0.64480307E-05  0.40886701E-07
  0.70000000E+00  0.64483247E-05  0.41204763E-07
  0.71000000E+00  0.64486244E-05  0.41512320E-07
  0.72000000E+00  0.64489297E-05  0.41808971E-07
  0.73000000E+00  0.64492408E-05  0.42094304E-07
  0.74000000E+00  0.64495576E-05  0.42367901E-07
  0.75000000E+00  0.64498803E-05  0.42629332E-07
  0.76000000E+00  0.64502089E-05  0.42878160E-07
  0.77000000E+00  0.64505435E-05  0.43113939E-07
  0.78000000E+00  0.64508841E-05  0.43336211E-07
  0.79000000E+00  0.64512309E-05  0.43544512E-07
  0.80000000E+00  0.64515839E-05  0.43738365E-07
  0.81000000E+00  0.64519432E-05  0.43917286E-07
  0.82000000E+00  0.64523089E-05  0.44080780E-07
  0.83000000E+00  0.64526811E-05  0.44228339E-07
  0.84000000E+00  0.64530598E-05  0.44359449E-07
  0.85000000E+00  0.64534453E-05  0.44473584E-07
  0.86000000E+00  0.64538375E-05  0.44570204E-07
  0.87000000E+00  0.64542365E-05  0.44648762E-07
  0.88000000E+00  0.64546426E-05  0.44708697E-07
  0.89000000E+00  0.64550558E-05  0.44749439E-07
  0.90000000E+00  0.64554762E-05  0.44770402E-07
  0.91000000E+00  0.64559039E-05  0.44770993E-07
  0.92000000E+00  0.64563392E-05  0.44750602E-07
  0.93000000E+00  0.64567820E-05  0.44708608E-07
  0.94000000E+00  0.64572325E-05  0.44644380E-07
  0.95000000E+00  0.64576910E-05  0.44557268E-07
  0.96000000E+00  0.64581574E-05  0.44446612E-07
  0.97000000E+00  0.64586321E-05  0.44311739E-07
  0.98000000E+00  0.64591150E-05  0.44151959E-07
  0.99000000E+00  0.64596065E-05  0.43966568E-07
  0.10000000E+01  0.64601065E-05  0.43754848E-07
  0.10100000E+01  0.64606154E-05  0.43516066E-07
  0.10200000E+01  0.64611333E-05  0.43249472E-07
  0.10300000E+01  0.64616603E-05  0.42954300E-07
  0.10400000E+01  0.64621967E-05  0.42629769E-07
  0.10500000E+01  0.64627425E-05  0.42275079E-07
  0.10600000E+01  0.64632981E-05  0.41889416E-07
  0.10700000E+01  0.64638636E-05  0.41471944E-07
  0.10800000E+01  0.64644392E-05  0.41021815E-07
  0.10900000E+01  0.64650251E-05  0.40538156E-07
  0.11000000E+01  0.64656215E-05  0.40020080E-07
  0.11100000E+01  0.64662287E-05  0.39466680E-07
  0.11200000E+01  0.64668468E-05  0.38877029E-07
  0.11300000E+01  0.64674762E-05  0.38250180E-07
  0.11400000E+01  0.64681169E-05  0.37585166E-07
  0.11500000E+01  0.64687693E-05  0.36881000E-07
  0.11600000E+01  0.64694336E-05  0.36136676E-07
  0.11700000E+01  0.64701101E-05  0.35351163E-07
  0.11800000E+01  0.64707990E-05  0.34523413E-07
  0.11900000E+01  0.64715006E-05  0.33652355E-07
  0.12000000E+01  0.64722151E-05  0.32736895E-07
  0.12100000E+01  0.64729429E-05  0.31775921E-07
  0.12200000E+01  0.64736842E-05  0.30768297E-07
  0.12300000E+01  0.64744394E-05  0.29712865E-07
  0.12400000E+01  0.64752086E-05  0.28608447E-07
  0.12500000E+01  0.64759923E-05  0.27453843E-07
  0.12600000E+01  0.64767908E-05  0.26247832E-07
  0.12700000E+01  0.64776043E-05  0.24989173E-07
  0.12800000E+01  0.64784332E-05  0.23676603E-07
  0.12900000E+01  0.64792780E-05  0.22308841E-07
  0.13000000E+01  0.64801388E-05  0.20884583E-07
  0.13100000E+01  0.64810161E-05  0.19402511E-07
  0.13200000E+01  0.64819102E-05  0.17861286E-07
  0.13300000E+01  0.64828216E-05  0.16259554E-07
  0.13400000E+01  0.64837506E-05  0.14595941E-07
  0.13500000E+01  0.64846976E-05  0.12869064E-07
  0.13600000E+01  0.64856630E-05  0.11077520E-07
  0.13700000E+01  0.64866473E-05  0.92198987E-08
  0.13800000E+01  0.64876508E-05  0.72947757E-08
  0.13900000E+01  0.64886740E-05  0.53007185E-08
  0.14000000E+01  0.64897174E-05  0.32362865E-08
  0.14100000E+01  0.64907814E-05  0.11000331E-08
  0.14200000E+01  0.64918664E-05 -0.11094921E-08
  0.14300000E+01  0.64929730E-05 -0.33937418E-08
  0.14400000E+01  0.64941016E-05 -0.57541687E-08
  0.14500000E+01  0.64952528E-05 -0.81922229E-08
  0.14600000E+01  0.64964270E-05 -0.10709351E-07
  0.14700000E+01  0.64976247E-05 -0.13306991E-07
  0.14800000E+01  0.64988465E-05 -0.15986574E-07
  0.14900000E+01  0.65000929E-05 -0.18749518E-07
  0.15000000E+01  0.65013644E-05 -0.21597227E-07
  0.15100000E+01  0.65026617E-05 -0.24531090E-07
  0.15200000E+01  0.65039852E-05 -0.27552476E-07
  0.15300000E+01  0.65053355E-05 -0.30662731E-07
  0.15400000E+01  0.65067133E-05 -0.33863181E-07
  0.15500000E+01  0.65081191E-05 -0.37155121E-07
  0.15600000E+01  0.65095534E-05 -0.40539822E-07
  0.15700000E+01  0.65110170E-05 -0.44018523E-07
  0.15800000E+01  0.65125104E-05 -0.47592427E-07
  0.15900000E+01  0.65140343E-05 -0.51262707E-07
  0.16000000E+01  0.65155893E-05 -0.55030497E-07
  0.16100000E+01  0.65171760E-05 -0.58896892E-07
  0.16200000E+01  0.65187952E-05 -0.62862949E-07
  0.16300000E+01  0.65204474E-05 -0.66929683E-07
  0.16400000E+01  0.65221334E-05 -0.71098068E-07
  0.16500000E+01  0.65238538E-05 -0.75369033E-07
  0.16600000E+01  0.65256093E-05 -0.79743464E-07
  0.16700000E+01  0.65274008E-05 -0.84222204E-07
  0.16800000E+01  0.65292288E-05 -0.88806052E-07
  0.16900000E+01  0.65310941E-05 -0.93495761E-07
  0.17000000E+01  0.65329975E-05 -0.98292041E-07
  0.17100000E+01  0.65349397E-05 -0.10319556E-06
  0.17200000E+01  0.65369215E-05 -0.10820694E-06
  0.17300000E+01  0.65389437E-05 -0.11332677E-06
  0.17400000E+01  0.65410071E-05 -0.11855559E-06
  0.17500000E+01  0.65431125E-05 -0.12389390E-06
  0.17600000E+01  0.65452608E-05 -0.12934218E-06
  0.17700000E+01  0.65474528E-05 -0.13490085E-06
  0.17800000E+01  0.65496893E-05 -0.14057032E-06
  0.17900000E+01  0.65519713E-05 -0.14635096E-06
  0.18000000E+01  0.65542997E-05 -0.15224311E-06
  0.18100000E+01  0.65566753E-05 -0.15824708E-06
  0.18200000E+01  0.65590991E-05 -0.16436316E-06
  0.18300000E+01  0.65615720E-05 -0.17059163E-06
  0.18400000E+01  0.65640951E-05 -0.17693274E-06
  0.18500000E+01  0.65666692E-05 -0.18338671E-06
  0.18600000E+01  0.65692955E-05 -0.18995377E-06
  0.18700000E+01  0.65719748E-05 -0.19663412E-06
  0.18800000E+01  0.65747083E-05 -0.20342795E-06
  0.18900000E+01  0.65774969E-05 -0.21033545E-06
  0.19000000E+01  0.65803418E-05 -0.21735680E-06
  0.19100000E+01  0.65832440E-05 -0.22449215E-06
  0.19200000E+01  0.65862045E-05 -0.23174166E-06
  0.19300000E+01  0.65892245E-05 -0.23910548E-06
  0.19400000E+01  0.65923051E-05 -0.24658375E-06
  0.19500000E+01  0.65954473E-05 -0.25417660E-06
  0.19600000E+01  0.65986523E-05 -0.26188415E-06
  0.19700000E+01  0.66019212E-05 -0.26970650E-06
  0.19800000E+01  0.66052550E-05 -0.27764374E-06
  0.19900000E+01  0.66086551E-05 -0.28569594E-06
  0.20000000E+01  0.66121223E-05 -0.29386313E-06
  0.20100000E+01  0.66156580E-05 -0.30214534E-06
  0.20200000E+01  0.66192632E-05 -0.31054255E-06
  0.20300000E+01  0.66229390E-05 -0.31905471E-06
  0.20400000E+01  0.66266866E-05 -0.32768170E-06
  0.20500000E+01  0.66305071E-05 -0.33642339E-06
  0.20600000E+01  0.66344016E-05 -0.34527956E-06
  0.20700000E+01  0.66383713E-05 -0.35424993E-06
  0.20800000E+01  0.66424174E-05 -0.36333415E-06
  0.20900000E+01  0.66465409E-05 -0.37253179E-06
  0.21000000E+01  0.66507430E-05 -0.38184233E-06
  0.21100000E+01  0.66550248E-05 -0.39126513E-06
  0.21200000E+01  0.66593876E-05 -0.40079946E-06
  0.21300000E+01  0.66638326E-05 -0.41044446E-06
  0.21400000E+01  0.66683608E-05 -0.42019915E-06
  0.21500000E+01  0.66729736E-05 -0.43006240E-06
  0.21600000E+01  0.66776721E-05 -0.44003294E-06
  0.21700000E+01  0.66824577E-05 -0.45010934E-06
  0.21800000E+01  0.66873315E-05 -0.46029000E-06
  0.21900000E+01  0.66922950E-05 -0.47057315E-06
  0.22000000E+01  0.66973493E-05 -0.48095681E-06
  0.22100000E+01  0.67024960E-05 -0.49143885E-06
  0.22200000E+01  0.67077363E-05 -0.50201690E-06
  0.22300000E+01  0.67130716E-05 -0.51268839E-06
  0.22400000E+01  0.67185035E-05 -0.52345054E-06
  0.22500000E+01  0.67240333E-05 -0.53430034E-06
  0.22600000E+01  0.67296626E-05 -0.54523456E-06
  0.22700000E+01  0.67353928E-05 -0.55624972E-06
  0.22800000E+01  0.67412255E-05 -0.56734211E-06
  0.22900000E+01  0.67471623E-05 -0.57850776E-06
  0.23000000E+01  0.67532047E-05 -0.58974248E-06
  0.23100000E+01  0.67593542E-05 -0.60104181E-06
  0.23200000E+01  0.67656125E-05 -0.61240102E-06
  0.23300000E+01  0.67719811E-05 -0.62381514E-06
  0.23400000E+01  0.67784615E-05 -0.63527895E-06
  0.23500000E+01  0.67850553E-05 -0.64678695E-06
  0.23600000E+01  0.67917641E-05 -0.65833337E-06
  0.23700000E+01  0.67985894E-05 -0.66991218E-06
  0.23800000E+01  0.68055325E-05 -0.68151710E-06
  0.23900000E+01  0.68125950E-05 -0.69314156E-06
  0.24000000E+01  0.68197784E-05 -0.70477871E-06
  0.24100000E+01  0.68270838E-05 -0.71642143E-06
  0.24200000E+01  0.68345128E-05 -0.72806232E-06
  0.24300000E+01  0.68420666E-05 -0.73969369E-06
  0.24400000E+01  0.68497464E-05 -0.75130756E-06
  0.24500000E+01  0.68575534E-05 -0.76289562E-06
  0.24600000E+01  0.68654889E-05 -0.77444929E-06
  0.24700000E+01  0.68735538E-05 -0.78595964E-06
  0.24800000E+01  0.68817493E-05 -0.79741740E-06
  0.24900000E+01  0.68900764E-05 -0.80881295E-06
  0.25000000E+01  0.68985362E-05 -0.82013630E-06
  0.25100000E+01  0.69071295E-05 -0.83137708E-06
  0.25200000E+01  0.69158573E-05 -0.84252450E-06
  0.25300000E+01  0.69247205E-05 -0.85356731E-06
  0.25400000E+01  0.69337200E-05 -0.86449382E-06
  0.25500000E+01  0.69428567E-05 -0.87529184E-06
  0.25600000E+01  0.69521312E-05 -0.88594863E-06
  0.25700000E+01  0.69615445E-05 -0.89645092E-06
  0.25800000E+01  0.69710973E-05 -0.90678481E-06
  0.25900000E+01  0.69807903E-05 -0.91693579E-06
  0.26000000E+01  0.69906241E-05 -0.92688865E-06
  0.26100000E+01  0.70005995E-05 -0.93662748E-06
  0.26200000E+01  0.70107169E-05 -0.94613562E-06
  0.26300000E+01  0.70209769E-05 -0.95539560E-06
  0.26400000E+01  0.70313799E-05 -0.96438914E-06
  0.26500000E+01  0.70419262E-05 -0.97309708E-06
  0.26600000E+01  0.70526160E-05 -0.98149940E-06
  0.26700000E+01  0.70634495E-05 -0.98957512E-06
  0.26800000E+01  0.70744267E-05 -0.99730236E-06
  0.26900000E+01  0.70855474E-05 -0.10046583E-05
  0.27000000E+01  0.70968114E-05 -0.10116191E-05
  0.27100000E+01  0.71082181E-05 -0.10181601E-05
  0.27200000E+01  0.71197671E-05 -0.10242557E-05
  0.27300000E+01  0.71314575E-05 -0.10298792E-05
  0.27400000E+01  0.71432885E-05 -0.10350035E-05
  0.27500000E+01  0.71552589E-05 -0.10396005E-05
  0.27600000E+01  0.71673677E-05 -0.10436413E-05
  0.27700000E+01  0.71796134E-05 -0.10470968E-05
  0.27800000E+01  0.71919945E-05 -0.10499372E-05
  0.27900000E+01  0.72045095E-05 -0.10521326E-05
  0.28000000E+01  0.72171566E-05 -0.10536530E-05
  0.28100000E+01  0.72299341E-05 -0.10544684E-05
  0.28200000E+01  0.72428400E-05 -0.10545494E-05
  0.28300000E+01  0.72558724E-05 -0.10538671E-05
  0.28400000E+01  0.72690293E-05 -0.10523934E-05
  0.28500000E+01  0.72823087E-05 -0.10501015E-05
  0.28600000E+01  0.72957084E-05 -0.10469661E-05
  0.28700000E+01  0.73092263E-05 -0.10429636E-05
  0.28800000E+01  0.73228602E-05 -0.10380726E-05
  0.28900000E+01  0.73366079E-05 -0.10322741E-05
  0.29000000E+01  0.73504670E-05 -0.10255520E-05
  0.29100000E+01  0.73644352E-05 -0.10178930E-05
  0.29200000E+01  0.73785101E-05 -0.10092874E-05
  0.29300000E+01  0.73926889E-05 -0.99972901E-06
  0.29400000E+01  0.74069689E-05 -0.98921524E-06
  0.29500000E+01  0.74213471E-05 -0.97774751E-06
  0.29600000E+01  0.74358203E-05 -0.96533111E-06
  0.29700000E+01  0.74503853E-05 -0.95197523E-06
  0.29800000E+01  0.74650381E-05 -0.93769281E-06
  0.29900000E+01  0.74797748E-05 -0.92250031E-06
  0.30000000E+01  0.74945910E-05 -0.90641734E-06
  0.30100000E+01  0.75094821E-05 -0.88946618E-06
  0.30200000E+01  0.75244429E-05 -0.87167113E-06
  0.30300000E+01  0.75394678E-05 -0.85305782E-06
  0.30400000E+01  0.75545511E-05 -0.83365226E-06
  0.30500000E+01  0.75696863E-05 -0.81347983E-06
  0.30600000E+01  0.75848667E-05 -0.79256416E-06
  0.30700000E+01  0.76000853E-05 -0.77092582E-06
  0.30800000E+01  0.76153345E-05 -0.74858104E-06
  0.30900000E+01  0.76306064E-05 -0.72554025E-06
  0.31000000E+01  0.76458928E-05 -0.70180662E-06
  0.31100000E+01  0.76611852E-05 -0.67737463E-06
  0.31200000E+01  0.76764747E-05 -0.65222861E-06
  0.31300000E+01  0.76917523E-05 -0.62634144E-06
  0.31400000E+01  0.77070086E-05 -0.59967324E-06
  0.31500000E+01  0.77222340E-05 -0.57217041E-06
  0.31600000E+01  0.77374187E-05 -0.54376470E-06
  0.31700000E+01  0.77525528E-05 -0.51437273E-06
  0.31800000E+01  0.77676261E-05 -0.48389565E-06
  0.31900000E+01  0.77826281E-05 -0.45221934E-06
  0.32000000E+01  0.77975483E-05 -0.41921488E-06
  0.32100000E+01  0.78123758E-05 -0.38473951E-06
  0.32200000E+01  0.78270994E-05 -0.34863804E-06
  0.32300000E+01  0.78417077E-05 -0.31074476E-06
  0.32400000E+01  0.78561888E-05 -0.27088579E-06
  0.32500000E+01  0.78705303E-05 -0.22888193E-06
  0.32600000E+01  0.78847195E-05 -0.18455195E-06
  0.32700000E+01  0.78987429E-05 -0.13771628E-06
  0.32800000E+01  0.79125862E-05 -0.88201164E-07
  0.32900000E+01  0.79262347E-05 -0.35842966E-07
  0.33000000E+01  0.79396724E-05  0.19507111E-07
  0.33100000E+01  0.79528825E-05  0.77978236E-07
  0.33200000E+01  0.79658473E-05  0.13967504E-06
  0.33300000E+01  0.79785478E-05  0.20467272E-06
  0.33400000E+01  0.79909637E-05  0.27301225E-06
  0.33500000E+01  0.80030735E-05  0.34469577E-06
  0.33600000E+01  0.80148544E-05  0.41968231E-06
  0.33700000E+01  0.80262818E-05  0.49788393E-06
  0.33800000E+01  0.80373300E-05  0.57916237E-06
  0.33900000E+01  0.80479712E-05  0.66332639E-06
  0.34000000E+01  0.80581763E-05  0.75012989E-06
  0.34100000E+01  0.80679142E-05  0.83927111E-06
  0.34200000E+01  0.80771521E-05  0.93039288E-06
  0.34300000E+01  0.80858551E-05  0.10230845E-05
  0.34400000E+01  0.80939867E-05  0.11168851E-05
  0.34500000E+01  0.81015082E-05  0.12112892E-05
  0.34600000E+01  0.81083791E-05  0.13057550E-05
  0.34700000E+01  0.81145574E-05  0.13997145E-05
  0.34800000E+01  0.81199993E-05  0.14925873E-05
  0.34900000E+01  0.81246601E-05  0.15837981E-05
  0.35000000E+01  0.81284943E-05  0.16727965E-05
  0.35100000E+01  0.81314564E-05  0.17590813E-05
  0.35200000E+01  0.81335021E-05  0.18422268E-05
  0.35300000E+01  0.81345887E-05  0.19219118E-05
  0.35400000E+01  0.81346767E-05  0.19979501E-05
  0.35500000E+01  0.81337310E-05  0.20703198E-05
  0.35600000E+01  0.81317223E-05  0.21391911E-05
  0.35700000E+01  0.81286281E-05  0.22049487E-05
  0.35800000E+01  0.81244338E-05  0.22682074E-05
  0.35900000E+01  0.81191333E-05  0.23298175E-05
  0.36000000E+01  0.81127289E-05  0.23908578E-05
  0.36100000E+01  0.81052310E-05  0.24526131E-05
  0.36200000E+01  0.80966564E-05  0.25165363E-05
  0.36300000E+01  0.80870261E-05  0.25841927E-05
  0.36400000E+01  0.80763622E-05  0.26571889E-05
  0.36500000E+01  0.80646841E-05  0.27370865E-05
  0.36600000E+01  0.80520043E-05  0.28253060E-05
  0.36700000E+01  0.80383233E-05  0.29230247E-05
  0.36800000E+01  0.80236250E-05  0.30310750E-05
  0.36900000E+01  0.80078718E-05  0.31498502E-05
  0.37000000E+01  0.79910001E-05  0.32792251E-05
  0.37100000E+01  0.79729159E-05  0.34184983E-05
  0.37200000E+01  0.79534915E-05  0.35663623E-05
  0.37300000E+01  0.79325620E-05  0.37209059E-05
  0.37400000E+01  0.79099231E-05  0.38796496E-05
  0.37500000E+01  0.78853304E-05  0.40396148E-05
  0.37600000E+01  0.78584997E-05  0.41974190E-05
  0.37700000E+01  0.78291112E-05  0.43493888E-05
  0.37800000E+01  0.77968174E-05  0.44916743E-05
  0.37900000E+01  0.77612579E-05  0.46203475E-05
  0.38000000E+01  0.77220818E-05  0.47314679E-05
  0.38100000E+01  0.76789803E-05  0.48211134E-05
  0.38200000E+01  0.76317288E-05  0.48854022E-05
  0.38300000E+01  0.75802368E-05  0.49205871E-05
  0.38400000E+01  0.75245990E-05  0.49233543E-05
  0.38500000E+01  0.74651388E-05  0.48914910E-05
  0.38600000E+01  0.74024303E-05  0.48250313E-05
  0.38700000E+01  0.73372866E-05  0.47278015E-05
  0.38800000E+01  0.72707034E-05  0.46089665E-05
  0.38900000E+01  0.72037551E-05  0.44838244E-05
  0.39000000E+01  0.71374488E-05  0.43729146E-05
  0.39100000E+01  0.70725440E-05  0.42987454E-05
  0.39200000E+01  0.70093480E-05  0.42802139E-05
  0.39300000E+01  0.69474856E-05  0.43259388E-05
  0.39400000E+01  0.68856423E-05  0.44287428E-05
  0.39500000E+01  0.68212998E-05  0.45637952E-05
  0.39600000E+01  0.67505663E-05  0.46920401E-05
  0.39700000E+01  0.66684055E-05  0.47686582E-05
  0.39800000E+01  0.65698579E-05  0.47542005E-05
  0.39900000E+01  0.64529242E-05  0.46247283E-05
  0.40000000E+01  0.63229204E-05  0.43775134E-05
  0.40100000E+01  0.61964260E-05  0.40305463E-05
  0.40200000E+01  0.61047260E-05  0.36164752E-05
  0.40300000E+01  0.61189667E-05  0.31735267E-05
  0.40400000E+01  0.68004190E-05  0.27366398E-05
  0.40500000E+01  0.46255831E-05  0.23313704E-05
  0.40600000E+01  0.51940895E-05  0.19716248E-05
  0.40700000E+01  0.52925507E-05  0.16607744E-05
  0.40800000E+01  0.53285105E-05  0.13947757E-05
  0.40900000E+01  0.53476733E-05  0.11657737E-05
  0.41000000E+01  0.53612593E-05  0.96507865E-06
  0.41100000E+01  0.53729525E-05  0.78503544E-06
  0.41200000E+01  0.53841945E-05  0.61981960E-06
  0.41300000E+01  0.53956316E-05  0.46547715E-06
  0.41400000E+01  0.54075861E-05  0.31957401E-06
  0.41500000E+01  0.54202284E-05  0.18073771E-06
  0.41600000E+01  0.54336465E-05  0.48250932E-07
  0.41700000E+01  0.54478785E-05 -0.78244873E-07
  0.41800000E+01  0.54629287E-05 -0.19893804E-06
  0.41900000E+01  0.54787792E-05 -0.31395378E-06
  0.42000000E+01  0.54953960E-05 -0.42340866E-06
  0.42100000E+01  0.55127356E-05 -0.52743482E-06
  0.42200000E+01  0.55307481E-05 -0.62618836E-06
  0.42300000E+01  0.55493811E-05 -0.71984984E-06
  0.42400000E+01  0.55685816E-05 -0.80862135E-06
  0.42500000E+01  0.55882975E-05 -0.89272210E-06
  0.42600000E+01  0.56084791E-05 -0.97238349E-06
  0.42700000E+01  0.56290794E-05 -0.10478442E-05
  0.42800000E+01  0.56500548E-05 -0.11193457E-05
  0.42900000E+01  0.56713649E-05 -0.11871282E-05
  0.43000000E+01  0.56929728E-05 -0.12514266E-05
  0.43100000E+01  0.57148448E-05 -0.13124683E-05
  0.43200000E+01  0.57369504E-05 -0.13704702E-05
  0.43300000E+01  0.57592618E-05 -0.14256372E-05
  0.43400000E+01  0.57817541E-05 -0.14781608E-05
  0.43500000E+01  0.58044045E-05 -0.15282189E-05
  0.43600000E+01  0.58271926E-05 -0.15759748E-05
  0.43700000E+01  0.58500998E-05 -0.16215780E-05
  0.43800000E+01  0.58731094E-05 -0.16651641E-05
  0.43900000E+01  0.58962061E-05 -0.17068558E-05
  0.44000000E+01  0.59193763E-05 -0.17467636E-05
  0.44100000E+01  0.59426073E-05 -0.17849867E-05
  0.44200000E+01  0.59658877E-05 -0.18216141E-05
  0.44300000E+01  0.59892071E-05 -0.18567256E-05
  0.44400000E+01  0.60125560E-05 -0.18903928E-05
  0.44500000E+01  0.60359259E-05 -0.19226801E-05
  0.44600000E+01  0.60593086E-05 -0.19536457E-05
  0.44700000E+01  0.60826969E-05 -0.19833422E-05
  0.44800000E+01  0.61060841E-05 -0.20118179E-05
  0.44900000E+01  0.61294641E-05 -0.20391168E-05
  0.45000000E+01  0.61528313E-05 -0.20652798E-05
  0.45100000E+01  0.61761804E-05 -0.20903448E-05
  0.45200000E+01  0.61995066E-05 -0.21143475E-05
  0.45300000E+01  0.62228056E-05 -0.21373215E-05
  0.45400000E+01  0.62460732E-05 -0.21592987E-05
  0.45500000E+01  0.62693058E-05 -0.21803098E-05
  0.45600000E+01  0.62924998E-05 -0.22003839E-05
  0.45700000E+01  0.63156521E-05 -0.22195494E-05
  0.45800000E+01  0.63387597E-05 -0.22378335E-05
  0.45900000E+01  0.63618200E-05 -0.22552627E-05
  0.46000000E+01  0.63848303E-05 -0.22718627E-05
  0.46100000E+01  0.64077885E-05 -0.22876586E-05
  0.46200000E+01  0.64306923E-05 -0.23026746E-05
  0.46300000E+01  0.64535399E-05 -0.23169345E-05
  0.46400000E+01  0.64763294E-05 -0.23304613E-05
  0.46500000E+01  0.64990591E-05 -0.23432773E-05
  0.46600000E+01  0.65217276E-05 -0.23554046E-05
  0.46700000E+01  0.65443334E-05 -0.23668642E-05
  0.46800000E+01  0.65668752E-05 -0.23776768E-05
  0.46900000E+01  0.65893520E-05 -0.23878625E-05
  0.47000000E+01  0.66117625E-05 -0.23974407E-05
  0.47100000E+01  0.66341059E-05 -0.24064303E-05
  0.47200000E+01  0.66563812E-05 -0.24148495E-05
  0.47300000E+01  0.66785877E-05 -0.24227161E-05
  0.47400000E+01  0.67007247E-05 -0.24300472E-05
  0.47500000E+01  0.67227914E-05 -0.24368593E-05
  0.47600000E+01  0.67447874E-05 -0.24431687E-05
  0.47700000E+01  0.67667121E-05 -0.24489907E-05
  0.47800000E+01  0.67885650E-05 -0.24543403E-05
  0.47900000E+01  0.68103458E-05 -0.24592321E-05
  0.48000000E+01  0.68320542E-05 -0.24636801E-05
  0.48100000E+01  0.68536898E-05 -0.24676977E-05
  0.48200000E+01  0.68752525E-05 -0.24712981E-05
  0.48300000E+01  0.68967420E-05 -0.24744938E-05
  0.48400000E+01  0.69181582E-05 -0.24772970E-05
  0.48500000E+01  0.69395010E-05 -0.24797195E-05
  0.48600000E+01  0.69607704E-05 -0.24817726E-05
  0.48700000E+01  0.69819663E-05 -0.24834673E-05
  0.48800000E+01  0.70030887E-05 -0.24848142E-05
  0.48900000E+01  0.70241377E-05 -0.24858235E-05
  0.49000000E+01  0.70451133E-05 -0.24865051E-05
  0.49100000E+01  0.70660157E-05 -0.24868686E-05
  0.49200000E+01  0.70868450E-05 -0.24869232E-05
  0.49300000E+01  0.71076013E-05 -0.24866779E-05
  0.49400000E+01  0.71282850E-05 -0.24861411E-05
  0.49500000E+01  0.71488960E-05 -0.24853215E-05
  0.49600000E+01  0.71694348E-05 -0.24842269E-05
  0.49700000E+01  0.71899015E-05 -0.24828652E-05
  0.49800000E+01  0.72102965E-05 -0.24812440E-05
  0.49900000E+01  0.72306200E-05 -0.24793706E-05
  0.50000000E+01  0.72508724E-05 -0.24772521E-05
  0.50100000E+01  0.72710541E-05 -0.24748954E-05
  0.50200000E+01  0.72911653E-05 -0.24723071E-05
  0.50300000E+01  0.73112065E-05 -0.24694937E-05
  0.50400000E+01  0.73311781E-05 -0.24664614E-05
  0.50500000E+01  0.73510804E-05 -0.24632162E-05
  0.50600000E+01  0.73709140E-05 -0.24597640E-05
  0.50700000E+01  0.73906792E-05 -0.24561106E-05
  0.50800000E+01  0.74103766E-05 -0.24522613E-05
  0.50900000E+01  0.74300065E-05 -0.24482216E-05
  0.51000000E+01  0.74495696E-05 -0.24439966E-05
  0.51100000E+01  0.74690663E-05 -0.24395913E-05
  0.51200000E+01  0.74884971E-05 -0.24350107E-05
  0.51300000E+01  0.75078625E-05 -0.24302593E-05
  0.51400000E+01  0.75271632E-05 -0.24253419E-05
  0.51500000E+01  0.75463996E-05 -0.24202628E-05
  0.51600000E+01  0.75655723E-05 -0.24150263E-05
  0.51700000E+01  0.75846819E-05 -0.24096366E-05
  0.51800000E+01  0.76037290E-05 -0.24040978E-05
  0.51900000E+01  0.76227142E-05 -0.23984138E-05
  0.52000000E+01  0.76416381E-05 -0.23925884E-05
  0.52100000E+01  0.76605012E-05 -0.23866252E-05
  0.52200000E+01  0.76793043E-05 -0.23805279E-05
  0.52300000E+01  0.76980480E-05 -0.23742999E-05
  0.52400000E+01  0.77167329E-05 -0.23679447E-05
  0.52500000E+01  0.77353596E-05 -0.23614654E-05
  0.52600000E+01  0.77539288E-05 -0.23548653E-05
  0.52700000E+01  0.77724412E-05 -0.23481474E-05
  0.52800000E+01  0.77908974E-05 -0.23413147E-05
  0.52900000E+01  0.78092981E-05 -0.23343701E-05
  0.53000000E+01  0.78276440E-05 -0.23273164E-05
  0.53100000E+01  0.78459357E-05 -0.23201564E-05
  0.53200000E+01  0.78641740E-05 -0.23128927E-05
  0.53300000E+01  0.78823595E-05 -0.23055279E-05
  0.53400000E+01  0.79004929E-05 -0.22980644E-05
  0.53500000E+01  0.79185749E-05 -0.22905048E-05
  0.53600000E+01  0.79366062E-05 -0.22828513E-05
  0.53700000E+01  0.79545875E-05 -0.22751063E-05
  0.53800000E+01  0.79725195E-05 -0.22672720E-05
  0.53900000E+01  0.79904028E-05 -0.22593505E-05
  0.54000000E+01  0.80082383E-05 -0.22513440E-05
  0.54100000E+01  0.80260265E-05 -0.22432545E-05
  0.54200000E+01  0.80437681E-05 -0.22350840E-05
  0.54300000E+01  0.80614639E-05 -0.22268344E-05
  0.54400000E+01  0.80791145E-05 -0.22185077E-05
  0.54500000E+01  0.80967206E-05 -0.22101057E-05
  0.54600000E+01  0.81142828E-05 -0.22016301E-05
  0.54700000E+01  0.81318020E-05 -0.21930828E-05
  0.54800000E+01  0.81492786E-05 -0.21844655E-05
  0.54900000E+01  0.81667135E-05 -0.21757798E-05
  0.55000000E+01  0.81841071E-05 -0.21670273E-05
  0.55100000E+01  0.82014603E-05 -0.21582097E-05
  0.55200000E+01  0.82187736E-05 -0.21493285E-05
  0.55300000E+01  0.82360476E-05 -0.21403852E-05
  0.55400000E+01  0.82532831E-05 -0.21313814E-05
  0.55500000E+01  0.82704806E-05 -0.21223185E-05
  0.55600000E+01  0.82876407E-05 -0.21131979E-05
  0.55700000E+01  0.83047640E-05 -0.21040211E-05
  0.55800000E+01  0.83218513E-05 -0.20947893E-05
  0.55900000E+01  0.83389029E-05 -0.20855041E-05
  0.56000000E+01  0.83559196E-05 -0.20761667E-05
  0.56100000E+01  0.83729019E-05 -0.20667784E-05
  0.56200000E+01  0.83898504E-05 -0.20573405E-05
  0.56300000E+01  0.84067656E-05 -0.20478543E-05
  0.56400000E+01  0.84236480E-05 -0.20383210E-05
  0.56500000E+01  0.84404984E-05 -0.20287419E-05
  0.56600000E+01  0.84573170E-05 -0.20191182E-05
  0.56700000E+01  0.84741046E-05 -0.20094511E-05
  0.56800000E+01  0.84908616E-05 -0.19997418E-05
  0.56900000E+01  0.85075885E-05 -0.19899913E-05
  0.57000000E+01  0.85242859E-05 -0.19802010E-05
  0.57100000E+01  0.85409542E-05 -0.19703719E-05
  0.57200000E+01  0.85575939E-05 -0.19605052E-05
  0.57300000E+01  0.85742056E-05 -0.19506019E-05
  0.57400000E+01  0.85907896E-05 -0.19406632E-05
  0.57500000E+01  0.86073466E-05 -0.19306902E-05
  0.57600000E+01  0.86238769E-05 -0.19206840E-05
  0.57700000E+01  0.86403810E-05 -0.19106456E-05
  0.57800000E+01  0.86568593E-05 -0.19005761E-05
  0.57900000E+01  0.86733124E-05 -0.18904765E-05
  0.58000000E+01  0.86897407E-05 -0.18803480E-05
  0.58100000E+01  0.87061446E-05 -0.18701914E-05
  0.58200000E+01  0.87225246E-05 -0.18600080E-05
  0.58300000E+01  0.87388811E-05 -0.18497986E-05
  0.58400000E+01  0.87552146E-05 -0.18395643E-05
  0.58500000E+01  0.87715254E-05 -0.18293062E-05
  0.58600000E+01  0.87878141E-05 -0.18190251E-05
  0.58700000E+01  0.88040811E-05 -0.18087221E-05
  0.58800000E+01  0.88203267E-05 -0.17983981E-05
  0.58900000E+01  0.88365515E-05 -0.17880542E-05
  0.59000000E+01  0.88527559E-05 -0.17776913E-05
  0.59100000E+01  0.88689402E-05 -0.17673104E-05
  0.59200000E+01  0.88851050E-05 -0.17569123E-05
  0.59300000E+01  0.89012506E-05 -0.17464981E-05
  0.59400000E+01  0.89173776E-05 -0.17360687E-05
  0.59500000E+01  0.89334862E-05 -0.17256250E-05
  0.59600000E+01  0.89495770E-05 -0.17151679E-05
  0.59700000E+01  0.89656504E-05 -0.17046984E-05
  0.59800000E+01  0.89817068E-05 -0.16942173E-05
  0.59900000E+01  0.89977467E-05 -0.16837255E-05
  0.60000000E+01  0.90137705E-05 -0.16732239E-05
  0.60100000E+01  0.90297786E-05 -0.16627135E-05
  0.60200000E+01  0.90457715E-05 -0.16521949E-05
  0.60300000E+01  0.90617497E-05 -0.16416692E-05
  0.60400000E+01  0.90777135E-05 -0.16311372E-05
  0.60500000E+01  0.90936635E-05 -0.16205997E-05
  0.60600000E+01  0.91096000E-05 -0.16100575E-05
  0.60700000E+01  0.91255236E-05 -0.15995114E-05
  0.60800000E+01  0.91414347E-05 -0.15889624E-05
  0.60900000E+01  0.91573337E-05 -0.15784111E-05
  0.61000000E+01  0.91732211E-05 -0.15678583E-05
  0.61100000E+01  0.91890975E-05 -0.15573049E-05
  0.61200000E+01  0.92049631E-05 -0.15467516E-05
  0.61300000E+01  0.92208186E-05 -0.15361992E-05
  0.61400000E+01  0.92366645E-05 -0.15256485E-05
  0.61500000E+01  0.92525010E-05 -0.15151001E-05
  0.61600000E+01  0.92683289E-05 -0.15045547E-05
  0.61700000E+01  0.92841485E-05 -0.14940132E-05
  0.61800000E+01  0.92999603E-05 -0.14834763E-05
  0.61900000E+01  0.93157649E-05 -0.14729445E-05
  0.62000000E+01  0.93315627E-05 -0.14624186E-05
  0.62100000E+01  0.93473543E-05 -0.14518994E-05
  0.62200000E+01  0.93631401E-05 -0.14413873E-05
  0.62300000E+01  0.93789207E-05 -0.14308832E-05
  0.62400000E+01  0.93946966E-05 -0.14203876E-05
  0.62500000E+01  0.94104683E-05 -0.14099012E-05
  0.62600000E+01  0.94262363E-05 -0.13994245E-05
  0.62700000E+01  0.94420013E-05 -0.13889582E-05
  0.62800000E+01  0.94577636E-05 -0.13785030E-05
  0.62900000E+01  0.94735240E-05 -0.13680593E-05
  0.63000000E+01  0.94892828E-05 -0.13576277E-05
  0.63100000E+01  0.95050408E-05 -0.13472089E-05
  0.63200000E+01  0.95207984E-05 -0.13368033E-05
  0.63300000E+01  0.95365563E-05 -0.13264116E-05
  0.63400000E+01  0.95523150E-05 -0.13160342E-05
  0.63500000E+01  0.95680751E-05 -0.13056717E-05
  0.63600000E+01  0.95838372E-05 -0.12953245E-05
  0.63700000E+01  0.95996020E-05 -0.12849933E-05
  0.63800000E+01  0.96153700E-05 -0.12746784E-05
  0.63900000E+01  0.96311418E-05 -0.12643804E-05
  0.64000000E+01  0.96469181E-05 -0.12540997E-05
  0.64100000E+01  0.96626996E-05 -0.12438368E-05
  0.64200000E+01  0.96784868E-05 -0.12335922E-05
  0.64300000E+01  0.96942804E-05 -0.12233663E-05
  0.64400000E+01  0.97100812E-05 -0.12131596E-05
  0.64500000E+01  0.97258897E-05 -0.12029724E-05
  0.64600000E+01  0.97417066E-05 -0.11928053E-05
  0.64700000E+01  0.97575327E-05 -0.11826585E-05
  0.64800000E+01  0.97733686E-05 -0.11725326E-05
  0.64900000E+01  0.97892151E-05 -0.11624280E-05
  0.65000000E+01  0.98050728E-05 -0.11523450E-05
  0.65100000E+01  0.98209425E-05 -0.11422840E-05
  0.65200000E+01  0.98368249E-05 -0.11322455E-05
  0.65300000E+01  0.98527208E-05 -0.11222297E-05
  0.65400000E+01  0.98686309E-05 -0.11122371E-05
  0.65500000E+01  0.98845561E-05 -0.11022681E-05
  0.65600000E+01  0.99004969E-05 -0.10923230E-05
  0.65700000E+01  0.99164544E-05 -0.10824022E-05
  0.65800000E+01  0.99324291E-05 -0.10725060E-05
  0.65900000E+01  0.99484220E-05 -0.10626348E-05
  0.66000000E+01  0.99644339E-05 -0.10527890E-05
  0.66100000E+01  0.99804655E-05 -0.10429689E-05
  0.66200000E+01  0.99965177E-05 -0.10331748E-05
  0.66300000E+01  0.10012591E-04 -0.10234071E-05
  0.66400000E+01  0.10028687E-04 -0.10136662E-05
  0.66500000E+01  0.10044806E-04 -0.10039524E-05
  0.66600000E+01  0.10060949E-04 -0.99426609E-06
  0.66700000E+01  0.10077117E-04 -0.98460752E-06
  0.66800000E+01  0.10093311E-04 -0.97497710E-06
  0.66900000E+01  0.10109532E-04 -0.96537515E-06
  0.67000000E+01  0.10125780E-04 -0.95580203E-06
  0.67100000E+01  0.10142056E-04 -0.94625809E-06
  0.67200000E+01  0.10158362E-04 -0.93674366E-06
  0.67300000E+01  0.10174698E-04 -0.92725911E-06
  0.67400000E+01  0.10191065E-04 -0.91780478E-06
  0.67500000E+01  0.10207465E-04 -0.90838102E-06
  0.67600000E+01  0.10223897E-04 -0.89898818E-06
  0.67700000E+01  0.10240364E-04 -0.88962662E-06
  0.67800000E+01  0.10256866E-04 -0.88029670E-06
  0.67900000E+01  0.10273404E-04 -0.87099878E-06
  0.68000000E+01  0.10289978E-04 -0.86173321E-06
  0.68100000E+01  0.10306591E-04 -0.85250037E-06
  0.68200000E+01  0.10323243E-04 -0.84330061E-06
  0.68300000E+01  0.10339934E-04 -0.83413430E-06
  0.68400000E+01  0.10356667E-04 -0.82500181E-06
  0.68500000E+01  0.10373442E-04 -0.81590351E-06
  0.68600000E+01  0.10390259E-04 -0.80683978E-06
  0.68700000E+01  0.10407121E-04 -0.79781098E-06
  0.68800000E+01  0.10424027E-04 -0.78881750E-06
  0.68900000E+01  0.10440980E-04 -0.77985970E-06
  0.69000000E+01  0.10457979E-04 -0.77093797E-06
  0.69100000E+01  0.10475027E-04 -0.76205267E-06
  0.69200000E+01  0.10492124E-04 -0.75320419E-06
  0.69300000E+01  0.10509271E-04 -0.74439290E-06
  0.69400000E+01  0.10526470E-04 -0.73561917E-06
  0.69500000E+01  0.10543721E-04 -0.72688336E-06
  0.69600000E+01  0.10561025E-04 -0.71818586E-06
  0.69700000E+01  0.10578383E-04 -0.70952702E-06
  0.69800000E+01  0.10595798E-04 -0.70090719E-06
  0.69900000E+01  0.10613269E-04 -0.69232675E-06
  0.70000000E+01  0.10630797E-04 -0.68378602E-06
