  0.50000000E-01  0.10924584E-07 -0.18089283E-07
  0.60000000E-01  0.11122117E-07 -0.21706545E-07
  0.70000000E-01  0.11336431E-07 -0.25323484E-07
  0.80000000E-01  0.11567544E-07 -0.28940044E-07
  0.90000000E-01  0.11815474E-07 -0.32556172E-07
  0.10000000E+00  0.12080243E-07 -0.36171813E-07
  0.11000000E+00  0.12361872E-07 -0.39786914E-07
  0.12000000E+00  0.12660383E-07 -0.43401421E-07
  0.13000000E+00  0.12975803E-07 -0.47015279E-07
  0.14000000E+00  0.13308155E-07 -0.50628435E-07
  0.15000000E+00  0.13657466E-07 -0.54240833E-07
  0.16000000E+00  0.14023766E-07 -0.57852419E-07
  0.17000000E+00  0.14407081E-07 -0.61463139E-07
  0.18000000E+00  0.14807444E-07 -0.65072939E-07
  0.19000000E+00  0.15224883E-07 -0.68681763E-07
  0.20000000E+00  0.15659432E-07 -0.72289556E-07
  0.21000000E+00  0.16111123E-07 -0.75896263E-07
  0.22000000E+00  0.16579990E-07 -0.79501829E-07
  0.23000000E+00  0.17066067E-07 -0.83106198E-07
  0.24000000E+00  0.17569390E-07 -0.86709313E-07
  0.25000000E+00  0.18089993E-07 -0.90311119E-07
  0.26000000E+00  0.18627912E-07 -0.93911558E-07
  0.27000000E+00  0.19183186E-07 -0.97510572E-07
  0.28000000E+00  0.19755850E-07 -0.10110810E-06
  0.29000000E+00  0.20345942E-07 -0.10470410E-06
  0.30000000E+00  0.20953499E-07 -0.10829849E-06
  0.31000000E+00  0.21578559E-07 -0.11189122E-06
  0.32000000E+00  0.22221160E-07 -0.11548224E-06
  0.33000000E+00  0.22881339E-07 -0.11907147E-06
  0.34000000E+00  0.23559133E-07 -0.12265887E-06
  0.35000000E+00  0.24254580E-07 -0.12624435E-06
  0.36000000E+00  0.24967717E-07 -0.12982788E-06
  0.37000000E+00  0.25698579E-07 -0.13340937E-06
  0.38000000E+00  0.26447202E-07 -0.13698876E-06
  0.39000000E+00  0.27213621E-07 -0.14056599E-06
  0.40000000E+00  0.27997871E-07 -0.14414099E-06
  0.41000000E+00  0.28799985E-07 -0.14771369E-06
  0.42000000E+00  0.29619995E-07 -0.15128403E-06
  0.43000000E+00  0.30457932E-07 -0.15485193E-06
  0.44000000E+00  0.31313827E-07 -0.15841732E-06
  0.45000000E+00  0.32187708E-07 -0.16198014E-06
  0.46000000E+00  0.33079603E-07 -0.16554030E-06
  0.47000000E+00  0.33989537E-07 -0.16909774E-06
  0.48000000E+00  0.34917534E-07 -0.17265238E-06
  0.49000000E+00  0.35863617E-07 -0.17620414E-06
  0.50000000E+00  0.36827807E-07 -0.17975295E-06
  0.51000000E+00  0.37810123E-07 -0.18329873E-06
  0.52000000E+00  0.38810581E-07 -0.18684140E-06
  0.53000000E+00  0.39829197E-07 -0.19038088E-06
  0.54000000E+00  0.40865983E-07 -0.19391710E-06
  0.55000000E+00  0.41920950E-07 -0.19744996E-06
  0.56000000E+00  0.42994107E-07 -0.20097940E-06
  0.57000000E+00  0.44085459E-07 -0.20450532E-06
  0.58000000E+00  0.45195012E-07 -0.20802765E-06
  0.59000000E+00  0.46322767E-07 -0.21154630E-06
  0.60000000E+00  0.47468723E-07 -0.21506119E-06
  0.61000000E+00  0.48632877E-07 -0.21857223E-06
  0.62000000E+00  0.49815225E-07 -0.22207933E-06
  0.63000000E+00  0.51015759E-07 -0.22558242E-06
  0.64000000E+00  0.52234470E-07 -0.22908141E-06
  0.65000000E+00  0.53471345E-07 -0.23257621E-06
  0.66000000E+00  0.54726371E-07 -0.23606673E-06
  0.67000000E+00  0.55999532E-07 -0.23955290E-06
  0.68000000E+00  0.57290809E-07 -0.24303462E-06
  0.69000000E+00  0.58600184E-07 -0.24651181E-06
  0.70000000E+00  0.59927633E-07 -0.24998438E-06
  0.71000000E+00  0.61273135E-07 -0.25345225E-06
  0.72000000E+00  0.62636663E-07 -0.25691533E-06
  0.73000000E+00  0.64018192E-07 -0.26037353E-06
  0.74000000E+00  0.65417694E-07 -0.26382678E-06
  0.75000000E+00  0.66835140E-07 -0.26727497E-06
  0.76000000E+00  0.68270501E-07 -0.27071803E-06
  0.77000000E+00  0.69723747E-07 -0.27415586E-06
  0.78000000E+00  0.71194847E-07 -0.27758839E-06
  0.79000000E+00  0.72683769E-07 -0.28101553E-06
  0.80000000E+00  0.74190484E-07 -0.28443719E-06
  0.81000000E+00  0.75714959E-07 -0.28785327E-06
  0.82000000E+00  0.77257165E-07 -0.29126371E-06
  0.83000000E+00  0.78817071E-07 -0.29466840E-06
  0.84000000E+00  0.80394650E-07 -0.29806726E-06
  0.85000000E+00  0.81989872E-07 -0.30146020E-06
  0.86000000E+00  0.83602713E-07 -0.30484713E-06
  0.87000000E+00  0.85233147E-07 -0.30822797E-06
  0.88000000E+00  0.86881151E-07 -0.31160261E-06
  0.89000000E+00  0.88546707E-07 -0.31497097E-06
  0.90000000E+00  0.90229795E-07 -0.31833296E-06
  0.91000000E+00  0.91930402E-07 -0.32168848E-06
  0.92000000E+00  0.93648515E-07 -0.32503743E-06
  0.93000000E+00  0.95384126E-07 -0.32837973E-06
  0.94000000E+00  0.97137230E-07 -0.33171527E-06
  0.95000000E+00  0.98907827E-07 -0.33504395E-06
  0.96000000E+00  0.10069592E-06 -0.33836568E-06
  0.97000000E+00  0.10250152E-06 -0.34168035E-06
  0.98000000E+00  0.10432463E-06 -0.34498787E-06
  0.99000000E+00  0.10616527E-06 -0.34828812E-06
  0.10000000E+01  0.10802347E-06 -0.35158100E-06
  0.10100000E+01  0.10989925E-06 -0.35486641E-06
  0.10200000E+01  0.11179265E-06 -0.35814424E-06
  0.10300000E+01  0.11370370E-06 -0.36141438E-06
  0.10400000E+01  0.11563246E-06 -0.36467671E-06
  0.10500000E+01  0.11757896E-06 -0.36793114E-06
  0.10600000E+01  0.11954326E-06 -0.37117755E-06
  0.10700000E+01  0.12152543E-06 -0.37441582E-06
  0.10800000E+01  0.12352554E-06 -0.37764584E-06
  0.10900000E+01  0.12554367E-06 -0.38086750E-06
  0.11000000E+01  0.12757988E-06 -0.38408069E-06
  0.11100000E+01  0.12963428E-06 -0.38728528E-06
  0.11200000E+01  0.13170695E-06 -0.39048117E-06
  0.11300000E+01  0.13379800E-06 -0.39366824E-06
  0.11400000E+01  0.13590753E-06 -0.39684638E-06
  0.11500000E+01  0.13803565E-06 -0.40001548E-06
  0.11600000E+01  0.14018249E-06 -0.40317540E-06
  0.11700000E+01  0.14234817E-06 -0.40632606E-06
  0.11800000E+01  0.14453281E-06 -0.40946732E-06
  0.11900000E+01  0.14673656E-06 -0.41259908E-06
  0.12000000E+01  0.14895956E-06 -0.41572122E-06
  0.12100000E+01  0.15120194E-06 -0.41883364E-06
  0.12200000E+01  0.15346388E-06 -0.42193621E-06
  0.12300000E+01  0.15574551E-06 -0.42502883E-06
  0.12400000E+01  0.15804699E-06 -0.42811139E-06
  0.12500000E+01  0.16036850E-06 -0.43118376E-06
  0.12600000E+01  0.16271020E-06 -0.43424584E-06
  0.12700000E+01  0.16507225E-06 -0.43729752E-06
  0.12800000E+01  0.16745482E-06 -0.44033868E-06
  0.12900000E+01  0.16985810E-06 -0.44336921E-06
  0.13000000E+01  0.17228224E-06 -0.44638898E-06
  0.13100000E+01  0.17472744E-06 -0.44939789E-06
  0.13200000E+01  0.17719385E-06 -0.45239581E-06
  0.13300000E+01  0.17968165E-06 -0.45538261E-06
  0.13400000E+01  0.18219102E-06 -0.45835819E-06
  0.13500000E+01  0.18472211E-06 -0.46132240E-06
  0.13600000E+01  0.18727511E-06 -0.46427512E-06
  0.13700000E+01  0.18985016E-06 -0.46721621E-06
  0.13800000E+01  0.19244742E-06 -0.47014554E-06
  0.13900000E+01  0.19506705E-06 -0.47306296E-06
  0.14000000E+01  0.19770918E-06 -0.47596833E-06
  0.14100000E+01  0.20037396E-06 -0.47886151E-06
  0.14200000E+01  0.20306151E-06 -0.48174232E-06
  0.14300000E+01  0.20577194E-06 -0.48461063E-06
  0.14400000E+01  0.20850536E-06 -0.48746625E-06
  0.14500000E+01  0.21126187E-06 -0.49030903E-06
  0.14600000E+01  0.21404154E-06 -0.49313879E-06
  0.14700000E+01  0.21684445E-06 -0.49595536E-06
  0.14800000E+01  0.21967065E-06 -0.49875855E-06
  0.14900000E+01  0.22252018E-06 -0.50154817E-06
  0.15000000E+01  0.22539305E-06 -0.50432405E-06
  0.15100000E+01  0.22828926E-06 -0.50708598E-06
  0.15200000E+01  0.23120880E-06 -0.50983378E-06
  0.15300000E+01  0.23415164E-06 -0.51256723E-06
  0.15400000E+01  0.23711771E-06 -0.51528615E-06
  0.15500000E+01  0.24010693E-06 -0.51799034E-06
  0.15600000E+01  0.24311921E-06 -0.52067958E-06
  0.15700000E+01  0.24615442E-06 -0.52335367E-06
  0.15800000E+01  0.24921240E-06 -0.52601242E-06
  0.15900000E+01  0.25229300E-06 -0.52865561E-06
  0.16000000E+01  0.25539599E-06 -0.53128306E-06
  0.16100000E+01  0.25852118E-06 -0.53389454E-06
  0.16200000E+01  0.26166829E-06 -0.53648987E-06
  0.16300000E+01  0.26483707E-06 -0.53906886E-06
  0.16400000E+01  0.26802719E-06 -0.54163130E-06
  0.16500000E+01  0.27123835E-06 -0.54417700E-06
  0.16600000E+01  0.27447018E-06 -0.54670578E-06
  0.16700000E+01  0.27772230E-06 -0.54921745E-06
  0.16800000E+01  0.28099430E-06 -0.55171183E-06
  0.16900000E+01  0.28428575E-06 -0.55418875E-06
  0.17000000E+01  0.28759620E-06 -0.55664802E-06
  0.17100000E+01  0.29092515E-06 -0.55908948E-06
  0.17200000E+01  0.29427210E-06 -0.56151295E-06
  0.17300000E+01  0.29763653E-06 -0.56391828E-06
  0.17400000E+01  0.30101788E-06 -0.56630529E-06
  0.17500000E+01  0.30441556E-06 -0.56867383E-06
  0.17600000E+01  0.30782899E-06 -0.57102373E-06
  0.17700000E+01  0.31125755E-06 -0.57335483E-06
  0.17800000E+01  0.31470061E-06 -0.57566697E-06
  0.17900000E+01  0.31815751E-06 -0.57796000E-06
  0.18000000E+01  0.32162757E-06 -0.58023373E-06
  0.18100000E+01  0.32511012E-06 -0.58248803E-06
  0.18200000E+01  0.32860445E-06 -0.58472270E-06
  0.18300000E+01  0.33210984E-06 -0.58693760E-06
  0.18400000E+01  0.33562557E-06 -0.58913254E-06
  0.18500000E+01  0.33915090E-06 -0.59130736E-06
  0.18600000E+01  0.34268506E-06 -0.59346186E-06
  0.18700000E+01  0.34622730E-06 -0.59559588E-06
  0.18800000E+01  0.34977683E-06 -0.59770923E-06
  0.18900000E+01  0.35333288E-06 -0.59980172E-06
  0.19000000E+01  0.35689463E-06 -0.60187315E-06
  0.19100000E+01  0.36046129E-06 -0.60392335E-06
  0.19200000E+01  0.36403203E-06 -0.60595211E-06
  0.19300000E+01  0.36760602E-06 -0.60795925E-06
  0.19400000E+01  0.37118242E-06 -0.60994456E-06
  0.19500000E+01  0.37476036E-06 -0.61190786E-06
  0.19600000E+01  0.37833899E-06 -0.61384895E-06
  0.19700000E+01  0.38191740E-06 -0.61576765E-06
  0.19800000E+01  0.38549469E-06 -0.61766378E-06
  0.19900000E+01  0.38906993E-06 -0.61953716E-06
  0.20000000E+01  0.39264218E-06 -0.62138761E-06
  0.20100000E+01  0.39621046E-06 -0.62321499E-06
  0.20200000E+01  0.39977376E-06 -0.62501913E-06
  0.20300000E+01  0.40333107E-06 -0.62679989E-06
  0.20400000E+01  0.40688131E-06 -0.62855714E-06
  0.20500000E+01  0.41042337E-06 -0.63029076E-06
  0.20600000E+01  0.41395613E-06 -0.63200063E-06
  0.20700000E+01  0.41747839E-06 -0.63368665E-06
  0.20800000E+01  0.42098892E-06 -0.63534874E-06
  0.20900000E+01  0.42448644E-06 -0.63698680E-06
  0.21000000E+01  0.42796960E-06 -0.63860078E-06
  0.21100000E+01  0.43143701E-06 -0.64019061E-06
  0.21200000E+01  0.43488722E-06 -0.64175624E-06
  0.21300000E+01  0.43831869E-06 -0.64329761E-06
  0.21400000E+01  0.44172983E-06 -0.64481470E-06
  0.21500000E+01  0.44511898E-06 -0.64630745E-06
  0.21600000E+01  0.44848439E-06 -0.64777583E-06
  0.21700000E+01  0.45182425E-06 -0.64921981E-06
  0.21800000E+01  0.45513666E-06 -0.65063935E-06
  0.21900000E+01  0.45841963E-06 -0.65203441E-06
  0.22000000E+01  0.46167110E-06 -0.65340493E-06
  0.22100000E+01  0.46488891E-06 -0.65475089E-06
  0.22200000E+01  0.46807082E-06 -0.65607220E-06
  0.22300000E+01  0.47121451E-06 -0.65736883E-06
  0.22400000E+01  0.47431756E-06 -0.65864068E-06
  0.22500000E+01  0.47737745E-06 -0.65988768E-06
  0.22600000E+01  0.48039160E-06 -0.66110976E-06
  0.22700000E+01  0.48335733E-06 -0.66230681E-06
  0.22800000E+01  0.48627187E-06 -0.66347874E-06
  0.22900000E+01  0.48913238E-06 -0.66462544E-06
  0.23000000E+01  0.49193591E-06 -0.66574682E-06
  0.23100000E+01  0.49467945E-06 -0.66684277E-06
  0.23200000E+01  0.49735992E-06 -0.66791320E-06
  0.23300000E+01  0.49997415E-06 -0.66895800E-06
  0.23400000E+01  0.50251891E-06 -0.66997710E-06
  0.23500000E+01  0.50499087E-06 -0.67097042E-06
  0.23600000E+01  0.50738667E-06 -0.67193789E-06
  0.23700000E+01  0.50970286E-06 -0.67287949E-06
  0.23800000E+01  0.51193594E-06 -0.67379519E-06
  0.23900000E+01  0.51408234E-06 -0.67468499E-06
  0.24000000E+01  0.51613843E-06 -0.67554893E-06
  0.24100000E+01  0.51810053E-06 -0.67638707E-06
  0.24200000E+01  0.51996489E-06 -0.67719949E-06
  0.24300000E+01  0.52172770E-06 -0.67798632E-06
  0.24400000E+01  0.52338510E-06 -0.67874771E-06
  0.24500000E+01  0.52493314E-06 -0.67948386E-06
  0.24600000E+01  0.52636784E-06 -0.68019499E-06
  0.24700000E+01  0.52768511E-06 -0.68088136E-06
  0.24800000E+01  0.52888081E-06 -0.68154325E-06
  0.24900000E+01  0.52995069E-06 -0.68218099E-06
  0.25000000E+01  0.53089044E-06 -0.68279493E-06
  0.25100000E+01  0.53169561E-06 -0.68338544E-06
  0.25200000E+01  0.53236167E-06 -0.68395295E-06
  0.25300000E+01  0.53288395E-06 -0.68449786E-06
  0.25400000E+01  0.53325764E-06 -0.68502065E-06
  0.25500000E+01  0.53347778E-06 -0.68552178E-06
  0.25600000E+01  0.53353926E-06 -0.68600174E-06
  0.25700000E+01  0.53343676E-06 -0.68646104E-06
  0.25800000E+01  0.53316480E-06 -0.68690022E-06
  0.25900000E+01  0.53271765E-06 -0.68731981E-06
  0.26000000E+01  0.53208937E-06 -0.68772040E-06
  0.26100000E+01  0.53127377E-06 -0.68810255E-06
  0.26200000E+01  0.53026440E-06 -0.68846688E-06
  0.26300000E+01  0.52905452E-06 -0.68881403E-06
  0.26400000E+01  0.52763711E-06 -0.68914465E-06
  0.26500000E+01  0.52600484E-06 -0.68945943E-06
  0.26600000E+01  0.52415007E-06 -0.68975912E-06
  0.26700000E+01  0.52206484E-06 -0.69004447E-06
  0.26800000E+01  0.51974085E-06 -0.69031630E-06
  0.26900000E+01  0.51716951E-06 -0.69057548E-06
  0.27000000E+01  0.51434186E-06 -0.69082293E-06
  0.27100000E+01  0.51124866E-06 -0.69105962E-06
  0.27200000E+01  0.50788035E-06 -0.69128657E-06
  0.27300000E+01  0.50422712E-06 -0.69150490E-06
  0.27400000E+01  0.50027887E-06 -0.69171574E-06
  0.27500000E+01  0.49602531E-06 -0.69192033E-06
  0.27600000E+01  0.49145597E-06 -0.69211993E-06
  0.27700000E+01  0.48656025E-06 -0.69231590E-06
  0.27800000E+01  0.48132748E-06 -0.69250961E-06
  0.27900000E+01  0.47574700E-06 -0.69270253E-06
  0.28000000E+01  0.46980822E-06 -0.69289613E-06
  0.28100000E+01  0.46350070E-06 -0.69309197E-06
  0.28200000E+01  0.45681429E-06 -0.69329162E-06
  0.28300000E+01  0.44973917E-06 -0.69349668E-06
  0.28400000E+01  0.44226599E-06 -0.69370879E-06
  0.28500000E+01  0.43438599E-06 -0.69392963E-06
  0.28600000E+01  0.42609111E-06 -0.69416087E-06
  0.28700000E+01  0.41737413E-06 -0.69440423E-06
  0.28800000E+01  0.40822877E-06 -0.69466142E-06
  0.28900000E+01  0.39864984E-06 -0.69493421E-06
  0.29000000E+01  0.38863336E-06 -0.69522435E-06
  0.29100000E+01  0.37817665E-06 -0.69553365E-06
  0.29200000E+01  0.36727849E-06 -0.69586393E-06
  0.29300000E+01  0.35593916E-06 -0.69621707E-06
  0.29400000E+01  0.34416055E-06 -0.69659498E-06
  0.29500000E+01  0.33194620E-06 -0.69699963E-06
  0.29600000E+01  0.31930134E-06 -0.69743306E-06
  0.29700000E+01  0.30623290E-06 -0.69789738E-06
  0.29800000E+01  0.29274946E-06 -0.69839479E-06
  0.29900000E+01  0.27886120E-06 -0.69892757E-06
  0.30000000E+01  0.26457979E-06 -0.69949813E-06
  0.30100000E+01  0.24991821E-06 -0.70010897E-06
  0.30200000E+01  0.23489063E-06 -0.70076272E-06
  0.30300000E+01  0.21951208E-06 -0.70146212E-06
  0.30400000E+01  0.20379823E-06 -0.70221004E-06
  0.30500000E+01  0.18776504E-06 -0.70300950E-06
  0.30600000E+01  0.17142839E-06 -0.70386361E-06
  0.30700000E+01  0.15480365E-06 -0.70477563E-06
  0.30800000E+01  0.13790532E-06 -0.70574893E-06
  0.30900000E+01  0.12074648E-06 -0.70678697E-06
  0.31000000E+01  0.10333837E-06 -0.70789334E-06
  0.31100000E+01  0.85689912E-07 -0.70907169E-06
  0.31200000E+01  0.67807244E-07 -0.71032575E-06
  0.31300000E+01  0.49693275E-07 -0.71165931E-06
  0.31400000E+01  0.31347292E-07 -0.71307620E-06
  0.31500000E+01  0.12764615E-07 -0.71458029E-06
  0.31600000E+01 -0.60636740E-08 -0.71617545E-06
  0.31700000E+01 -0.25150919E-07 -0.71786556E-06
  0.31800000E+01 -0.44514976E-07 -0.71965450E-06
  0.31900000E+01 -0.64178181E-07 -0.72154612E-06
  0.32000000E+01 -0.84167192E-07 -0.72354427E-06
  0.32100000E+01 -0.10451269E-06 -0.72565280E-06
  0.32200000E+01 -0.12524896E-06 -0.72787554E-06
  0.32300000E+01 -0.14641325E-06 -0.73021635E-06
  0.32400000E+01 -0.16804511E-06 -0.73267910E-06
  0.32500000E+01 -0.19018544E-06 -0.73526775E-06
  0.32600000E+01 -0.21287551E-06 -0.73798632E-06
  0.32700000E+01 -0.23615580E-06 -0.74083899E-06
  0.32800000E+01 -0.26006474E-06 -0.74383008E-06
  0.32900000E+01 -0.28463739E-06 -0.74696413E-06
  0.33000000E+01 -0.30990399E-06 -0.75024593E-06
  0.33100000E+01 -0.33588855E-06 -0.75368056E-06
  0.33200000E+01 -0.36260733E-06 -0.75727344E-06
  0.33300000E+01 -0.39006742E-06 -0.76103036E-06
  0.33400000E+01 -0.41826536E-06 -0.76495749E-06
  0.33500000E+01 -0.44718575E-06 -0.76906148E-06
  0.33600000E+01 -0.47680007E-06 -0.77334938E-06
  0.33700000E+01 -0.50706563E-06 -0.77782875E-06
  0.33800000E+01 -0.53792463E-06 -0.78250761E-06
  0.33900000E+01 -0.56930348E-06 -0.78739448E-06
  0.34000000E+01 -0.60111242E-06 -0.79249838E-06
  0.34100000E+01 -0.63324531E-06 -0.79782880E-06
  0.34200000E+01 -0.66557990E-06 -0.80339575E-06
  0.34300000E+01 -0.69797839E-06 -0.80920972E-06
  0.34400000E+01 -0.73028857E-06 -0.81528167E-06
  0.34500000E+01 -0.76234541E-06 -0.82162303E-06
  0.34600000E+01 -0.79397329E-06 -0.82824562E-06
  0.34700000E+01 -0.82498902E-06 -0.83516164E-06
  0.34800000E+01 -0.85520548E-06 -0.84238358E-06
  0.34900000E+01 -0.88443621E-06 -0.84992406E-06
  0.35000000E+01 -0.91250081E-06 -0.85779572E-06
  0.35100000E+01 -0.93923106E-06 -0.86601095E-06
  0.35200000E+01 -0.96447790E-06 -0.87458164E-06
  0.35300000E+01 -0.98811879E-06 -0.88351884E-06
  0.35400000E+01 -0.10100654E-05 -0.89283237E-06
  0.35500000E+01 -0.10302710E-05 -0.90253041E-06
  0.35600000E+01 -0.10487375E-05 -0.91261904E-06
  0.35700000E+01 -0.10655210E-05 -0.92310187E-06
  0.35800000E+01 -0.10807353E-05 -0.93397968E-06
  0.35900000E+01 -0.10945534E-05 -0.94525018E-06
  0.36000000E+01 -0.11072053E-05 -0.95690800E-06
  0.36100000E+01 -0.11189721E-05 -0.96894485E-06
  0.36200000E+01 -0.11301763E-05 -0.98134990E-06
  0.36300000E+01 -0.11411679E-05 -0.99411049E-06
  0.36400000E+01 -0.11523060E-05 -0.10072131E-05
  0.36500000E+01 -0.11639373E-05 -0.10206443E-05
  0.36600000E+01 -0.11763723E-05 -0.10343924E-05
  0.36700000E+01 -0.11898598E-05 -0.10484486E-05
  0.36800000E+01 -0.12045620E-05 -0.10628086E-05
  0.36900000E+01 -0.12205317E-05 -0.10774738E-05
  0.37000000E+01 -0.12376933E-05 -0.10924525E-05
  0.37100000E+01 -0.12558298E-05 -0.11077614E-05
  0.37200000E+01 -0.12745769E-05 -0.11234260E-05
  0.37300000E+01 -0.12934255E-05 -0.11394818E-05
  0.37400000E+01 -0.13117329E-05 -0.11559742E-05
  0.37500000E+01 -0.13287427E-05 -0.11729591E-05
  0.37600000E+01 -0.13436127E-05 -0.11905024E-05
  0.37700000E+01 -0.13554478E-05 -0.12086785E-05
  0.37800000E+01 -0.13633359E-05 -0.12275689E-05
  0.37900000E+01 -0.13663832E-05 -0.12472577E-05
  0.38000000E+01 -0.13637453E-05 -0.12678265E-05
  0.38100000E+01 -0.13546529E-05 -0.12893460E-05
  0.38200000E+01 -0.13384325E-05 -0.13118653E-05
  0.38300000E+01 -0.13145315E-05 -0.13353999E-05
  0.38400000E+01 -0.12825615E-05 -0.13599187E-05
  0.38500000E+01 -0.12423774E-05 -0.13853331E-05
  0.38600000E+01 -0.11942057E-05 -0.14114914E-05
  0.38700000E+01 -0.11388122E-05 -0.14381811E-05
  0.38800000E+01 -0.10776650E-05 -0.14651422E-05
  0.38900000E+01 -0.10130072E-05 -0.14920906E-05
  0.39000000E+01 -0.94773358E-06 -0.15187512E-05
  0.39100000E+01 -0.88499486E-06 -0.15448959E-05
  0.39200000E+01 -0.82753870E-06 -0.15703843E-05
  0.39300000E+01 -0.77692912E-06 -0.15952045E-05
  0.39400000E+01 -0.73290070E-06 -0.16195153E-05
  0.39500000E+01 -0.69313450E-06 -0.16436907E-05
  0.39600000E+01 -0.65364047E-06 -0.16683600E-05
  0.39700000E+01 -0.60971627E-06 -0.16944216E-05
  0.39800000E+01 -0.55721213E-06 -0.17229867E-05
  0.39900000E+01 -0.49368305E-06 -0.17552326E-05
  0.40000000E+01 -0.41903558E-06 -0.17923454E-05
  0.40100000E+01 -0.33547068E-06 -0.18362857E-05
  0.40200000E+01 -0.24679447E-06 -0.18936026E-05
  0.40300000E+01 -0.15738830E-06 -0.19942725E-05
  0.40400000E+01 -0.71206122E-07 -0.24576483E-05
  0.40500000E+01  0.89107728E-08 -0.13278236E-05
  0.40600000E+01  0.81481996E-07 -0.16568161E-05
  0.40700000E+01  0.14625195E-06 -0.17336359E-05
  0.40800000E+01  0.20382644E-06 -0.17691422E-05
  0.40900000E+01  0.25525595E-06 -0.17897567E-05
  0.41000000E+01  0.30169135E-06 -0.18031278E-05
  0.41100000E+01  0.34416698E-06 -0.18123610E-05
  0.41200000E+01  0.38350657E-06 -0.18189829E-05
  0.41300000E+01  0.42031585E-06 -0.18238422E-05
  0.41400000E+01  0.45502016E-06 -0.18274523E-05
  0.41500000E+01  0.48791470E-06 -0.18301438E-05
  0.41600000E+01  0.51920943E-06 -0.18321393E-05
  0.41700000E+01  0.54906182E-06 -0.18335939E-05
  0.41800000E+01  0.57759781E-06 -0.18346187E-05
  0.41900000E+01  0.60492382E-06 -0.18352950E-05
  0.42000000E+01  0.63113308E-06 -0.18356836E-05
  0.42100000E+01  0.65630893E-06 -0.18358303E-05
  0.42200000E+01  0.68052631E-06 -0.18357708E-05
  0.42300000E+01  0.70385274E-06 -0.18355329E-05
  0.42400000E+01  0.72634891E-06 -0.18351390E-05
  0.42500000E+01  0.74806921E-06 -0.18346074E-05
  0.42600000E+01  0.76906223E-06 -0.18339533E-05
  0.42700000E+01  0.78937129E-06 -0.18331895E-05
  0.42800000E+01  0.80903496E-06 -0.18323273E-05
  0.42900000E+01  0.82808760E-06 -0.18313762E-05
  0.43000000E+01  0.84655980E-06 -0.18303448E-05
  0.43100000E+01  0.86447893E-06 -0.18292409E-05
  0.43200000E+01  0.88186954E-06 -0.18280712E-05
  0.43300000E+01  0.89875381E-06 -0.18268420E-05
  0.43400000E+01  0.91515188E-06 -0.18255590E-05
  0.43500000E+01  0.93108221E-06 -0.18242272E-05
  0.43600000E+01  0.94656184E-06 -0.18228515E-05
  0.43700000E+01  0.96160664E-06 -0.18214362E-05
  0.43800000E+01  0.97623151E-06 -0.18199851E-05
  0.43900000E+01  0.99045054E-06 -0.18185020E-05
  0.44000000E+01  0.10042771E-05 -0.18169901E-05
  0.44100000E+01  0.10177241E-05 -0.18154526E-05
  0.44200000E+01  0.10308037E-05 -0.18138923E-05
  0.44300000E+01  0.10435278E-05 -0.18123118E-05
  0.44400000E+01  0.10559078E-05 -0.18107137E-05
  0.44500000E+01  0.10679548E-05 -0.18091000E-05
  0.44600000E+01  0.10796794E-05 -0.18074731E-05
  0.44700000E+01  0.10910920E-05 -0.18058347E-05
  0.44800000E+01  0.11022024E-05 -0.18041868E-05
  0.44900000E+01  0.11130202E-05 -0.18025310E-05
  0.45000000E+01  0.11235548E-05 -0.18008689E-05
  0.45100000E+01  0.11338150E-05 -0.17992020E-05
  0.45200000E+01  0.11438094E-05 -0.17975318E-05
  0.45300000E+01  0.11535462E-05 -0.17958595E-05
  0.45400000E+01  0.11630334E-05 -0.17941863E-05
  0.45500000E+01  0.11722786E-05 -0.17925135E-05
  0.45600000E+01  0.11812891E-05 -0.17908420E-05
  0.45700000E+01  0.11900720E-05 -0.17891730E-05
  0.45800000E+01  0.11986339E-05 -0.17875073E-05
  0.45900000E+01  0.12069813E-05 -0.17858459E-05
  0.46000000E+01  0.12151205E-05 -0.17841896E-05
  0.46100000E+01  0.12230575E-05 -0.17825393E-05
  0.46200000E+01  0.12307979E-05 -0.17808957E-05
  0.46300000E+01  0.12383474E-05 -0.17792596E-05
  0.46400000E+01  0.12457113E-05 -0.17776315E-05
  0.46500000E+01  0.12528946E-05 -0.17760122E-05
  0.46600000E+01  0.12599023E-05 -0.17744022E-05
  0.46700000E+01  0.12667394E-05 -0.17728022E-05
  0.46800000E+01  0.12734102E-05 -0.17712127E-05
  0.46900000E+01  0.12799194E-05 -0.17696341E-05
  0.47000000E+01  0.12862713E-05 -0.17680670E-05
  0.47100000E+01  0.12924701E-05 -0.17665118E-05
  0.47200000E+01  0.12985198E-05 -0.17649691E-05
  0.47300000E+01  0.13044244E-05 -0.17634390E-05
  0.47400000E+01  0.13101877E-05 -0.17619222E-05
  0.47500000E+01  0.13158135E-05 -0.17604189E-05
  0.47600000E+01  0.13213054E-05 -0.17589294E-05
  0.47700000E+01  0.13266668E-05 -0.17574542E-05
  0.47800000E+01  0.13319014E-05 -0.17559934E-05
  0.47900000E+01  0.13370123E-05 -0.17545475E-05
  0.48000000E+01  0.13420028E-05 -0.17531166E-05
  0.48100000E+01  0.13468762E-05 -0.17517011E-05
  0.48200000E+01  0.13516353E-05 -0.17503011E-05
  0.48300000E+01  0.13562834E-05 -0.17489169E-05
  0.48400000E+01  0.13608231E-05 -0.17475487E-05
  0.48500000E+01  0.13652575E-05 -0.17461967E-05
  0.48600000E+01  0.13695892E-05 -0.17448611E-05
  0.48700000E+01  0.13738208E-05 -0.17435420E-05
  0.48800000E+01  0.13779551E-05 -0.17422397E-05
  0.48900000E+01  0.13819944E-05 -0.17409542E-05
  0.49000000E+01  0.13859413E-05 -0.17396858E-05
  0.49100000E+01  0.13897982E-05 -0.17384345E-05
  0.49200000E+01  0.13935672E-05 -0.17372004E-05
  0.49300000E+01  0.13972506E-05 -0.17359838E-05
  0.49400000E+01  0.14008506E-05 -0.17347846E-05
  0.49500000E+01  0.14043693E-05 -0.17336030E-05
  0.49600000E+01  0.14078086E-05 -0.17324390E-05
  0.49700000E+01  0.14111706E-05 -0.17312928E-05
  0.49800000E+01  0.14144570E-05 -0.17301644E-05
  0.49900000E+01  0.14176697E-05 -0.17290539E-05
  0.50000000E+01  0.14208104E-05 -0.17279613E-05
  0.50100000E+01  0.14238808E-05 -0.17268867E-05
  0.50200000E+01  0.14268825E-05 -0.17258301E-05
  0.50300000E+01  0.14298170E-05 -0.17247916E-05
  0.50400000E+01  0.14326859E-05 -0.17237712E-05
  0.50500000E+01  0.14354905E-05 -0.17227689E-05
  0.50600000E+01  0.14382322E-05 -0.17217848E-05
  0.50700000E+01  0.14409123E-05 -0.17208188E-05
  0.50800000E+01  0.14435321E-05 -0.17198710E-05
  0.50900000E+01  0.14460927E-05 -0.17189415E-05
  0.51000000E+01  0.14485954E-05 -0.17180301E-05
  0.51100000E+01  0.14510411E-05 -0.17171369E-05
  0.51200000E+01  0.14534308E-05 -0.17162619E-05
  0.51300000E+01  0.14557657E-05 -0.17154052E-05
  0.51400000E+01  0.14580465E-05 -0.17145666E-05
  0.51500000E+01  0.14602741E-05 -0.17137461E-05
  0.51600000E+01  0.14624495E-05 -0.17129439E-05
  0.51700000E+01  0.14645733E-05 -0.17121597E-05
  0.51800000E+01  0.14666463E-05 -0.17113937E-05
  0.51900000E+01  0.14686691E-05 -0.17106457E-05
  0.52000000E+01  0.14706424E-05 -0.17099158E-05
  0.52100000E+01  0.14725669E-05 -0.17092039E-05
  0.52200000E+01  0.14744429E-05 -0.17085100E-05
  0.52300000E+01  0.14762712E-05 -0.17078341E-05
  0.52400000E+01  0.14780520E-05 -0.17071761E-05
  0.52500000E+01  0.14797859E-05 -0.17065359E-05
  0.52600000E+01  0.14814733E-05 -0.17059136E-05
  0.52700000E+01  0.14831144E-05 -0.17053090E-05
  0.52800000E+01  0.14847096E-05 -0.17047222E-05
  0.52900000E+01  0.14862592E-05 -0.17041530E-05
  0.53000000E+01  0.14877634E-05 -0.17036015E-05
  0.53100000E+01  0.14892224E-05 -0.17030676E-05
  0.53200000E+01  0.14906364E-05 -0.17025512E-05
  0.53300000E+01  0.14920056E-05 -0.17020523E-05
  0.53400000E+01  0.14933299E-05 -0.17015708E-05
  0.53500000E+01  0.14946096E-05 -0.17011067E-05
  0.53600000E+01  0.14958446E-05 -0.17006599E-05
  0.53700000E+01  0.14970349E-05 -0.17002303E-05
  0.53800000E+01  0.14981806E-05 -0.16998179E-05
  0.53900000E+01  0.14992816E-05 -0.16994226E-05
  0.54000000E+01  0.15003378E-05 -0.16990445E-05
  0.54100000E+01  0.15013491E-05 -0.16986833E-05
  0.54200000E+01  0.15023153E-05 -0.16983391E-05
  0.54300000E+01  0.15032364E-05 -0.16980118E-05
  0.54400000E+01  0.15041122E-05 -0.16977014E-05
  0.54500000E+01  0.15049423E-05 -0.16974078E-05
  0.54600000E+01  0.15057267E-05 -0.16971309E-05
  0.54700000E+01  0.15064651E-05 -0.16968708E-05
  0.54800000E+01  0.15071571E-05 -0.16966273E-05
  0.54900000E+01  0.15078025E-05 -0.16964004E-05
  0.55000000E+01  0.15084011E-05 -0.16961901E-05
  0.55100000E+01  0.15089523E-05 -0.16959963E-05
  0.55200000E+01  0.15094560E-05 -0.16958190E-05
  0.55300000E+01  0.15099116E-05 -0.16956582E-05
  0.55400000E+01  0.15103189E-05 -0.16955138E-05
  0.55500000E+01  0.15106774E-05 -0.16953859E-05
  0.55600000E+01  0.15109867E-05 -0.16952743E-05
  0.55700000E+01  0.15112464E-05 -0.16951791E-05
  0.55800000E+01  0.15114559E-05 -0.16951003E-05
  0.55900000E+01  0.15116149E-05 -0.16950378E-05
  0.56000000E+01  0.15117228E-05 -0.16949917E-05
  0.56100000E+01  0.15117791E-05 -0.16949619E-05
  0.56200000E+01  0.15117834E-05 -0.16949485E-05
  0.56300000E+01  0.15117351E-05 -0.16949515E-05
  0.56400000E+01  0.15116336E-05 -0.16949709E-05
  0.56500000E+01  0.15114785E-05 -0.16950067E-05
  0.56600000E+01  0.15112692E-05 -0.16950589E-05
  0.56700000E+01  0.15110050E-05 -0.16951277E-05
  0.56800000E+01  0.15106855E-05 -0.16952130E-05
  0.56900000E+01  0.15103100E-05 -0.16953149E-05
  0.57000000E+01  0.15098780E-05 -0.16954334E-05
  0.57100000E+01  0.15093889E-05 -0.16955686E-05
  0.57200000E+01  0.15088420E-05 -0.16957206E-05
  0.57300000E+01  0.15082368E-05 -0.16958894E-05
  0.57400000E+01  0.15075726E-05 -0.16960751E-05
  0.57500000E+01  0.15068488E-05 -0.16962779E-05
  0.57600000E+01  0.15060648E-05 -0.16964977E-05
  0.57700000E+01  0.15052200E-05 -0.16967348E-05
  0.57800000E+01  0.15043137E-05 -0.16969892E-05
  0.57900000E+01  0.15033453E-05 -0.16972609E-05
  0.58000000E+01  0.15023142E-05 -0.16975503E-05
  0.58100000E+01  0.15012197E-05 -0.16978573E-05
  0.58200000E+01  0.15000612E-05 -0.16981820E-05
  0.58300000E+01  0.14988381E-05 -0.16985248E-05
  0.58400000E+01  0.14975496E-05 -0.16988856E-05
  0.58500000E+01  0.14961953E-05 -0.16992646E-05
  0.58600000E+01  0.14947744E-05 -0.16996620E-05
  0.58700000E+01  0.14932863E-05 -0.17000779E-05
  0.58800000E+01  0.14917303E-05 -0.17005125E-05
  0.58900000E+01  0.14901060E-05 -0.17009660E-05
  0.59000000E+01  0.14884125E-05 -0.17014386E-05
  0.59100000E+01  0.14866494E-05 -0.17019303E-05
  0.59200000E+01  0.14848159E-05 -0.17024415E-05
  0.59300000E+01  0.14829115E-05 -0.17029723E-05
  0.59400000E+01  0.14809356E-05 -0.17035229E-05
  0.59500000E+01  0.14788876E-05 -0.17040935E-05
  0.59600000E+01  0.14767669E-05 -0.17046843E-05
  0.59700000E+01  0.14745729E-05 -0.17052956E-05
  0.59800000E+01  0.14723049E-05 -0.17059274E-05
  0.59900000E+01  0.14699626E-05 -0.17065801E-05
  0.60000000E+01  0.14675452E-05 -0.17072539E-05
  0.60100000E+01  0.14650523E-05 -0.17079490E-05
  0.60200000E+01  0.14624833E-05 -0.17086656E-05
  0.60300000E+01  0.14598377E-05 -0.17094039E-05
  0.60400000E+01  0.14571150E-05 -0.17101643E-05
  0.60500000E+01  0.14543146E-05 -0.17109469E-05
  0.60600000E+01  0.14514361E-05 -0.17117519E-05
  0.60700000E+01  0.14484790E-05 -0.17125797E-05
  0.60800000E+01  0.14454428E-05 -0.17134305E-05
  0.60900000E+01  0.14423271E-05 -0.17143044E-05
  0.61000000E+01  0.14391314E-05 -0.17152018E-05
  0.61100000E+01  0.14358554E-05 -0.17161230E-05
  0.61200000E+01  0.14324985E-05 -0.17170681E-05
  0.61300000E+01  0.14290605E-05 -0.17180375E-05
  0.61400000E+01  0.14255410E-05 -0.17190314E-05
  0.61500000E+01  0.14219395E-05 -0.17200500E-05
  0.61600000E+01  0.14182558E-05 -0.17210936E-05
  0.61700000E+01  0.14144896E-05 -0.17221626E-05
  0.61800000E+01  0.14106405E-05 -0.17232570E-05
  0.61900000E+01  0.14067083E-05 -0.17243773E-05
  0.62000000E+01  0.14026927E-05 -0.17255237E-05
  0.62100000E+01  0.13985935E-05 -0.17266964E-05
  0.62200000E+01  0.13944105E-05 -0.17278957E-05
  0.62300000E+01  0.13901434E-05 -0.17291219E-05
  0.62400000E+01  0.13857922E-05 -0.17303752E-05
  0.62500000E+01  0.13813566E-05 -0.17316559E-05
  0.62600000E+01  0.13768366E-05 -0.17329643E-05
  0.62700000E+01  0.13722320E-05 -0.17343006E-05
  0.62800000E+01  0.13675428E-05 -0.17356651E-05
  0.62900000E+01  0.13627689E-05 -0.17370580E-05
  0.63000000E+01  0.13579103E-05 -0.17384797E-05
  0.63100000E+01  0.13529671E-05 -0.17399304E-05
  0.63200000E+01  0.13479392E-05 -0.17414103E-05
  0.63300000E+01  0.13428267E-05 -0.17429197E-05
  0.63400000E+01  0.13376297E-05 -0.17444588E-05
  0.63500000E+01  0.13323483E-05 -0.17460280E-05
  0.63600000E+01  0.13269827E-05 -0.17476275E-05
  0.63700000E+01  0.13215330E-05 -0.17492575E-05
  0.63800000E+01  0.13159994E-05 -0.17509183E-05
  0.63900000E+01  0.13103822E-05 -0.17526102E-05
  0.64000000E+01  0.13046817E-05 -0.17543333E-05
  0.64100000E+01  0.12988981E-05 -0.17560881E-05
  0.64200000E+01  0.12930317E-05 -0.17578746E-05
  0.64300000E+01  0.12870829E-05 -0.17596933E-05
  0.64400000E+01  0.12810522E-05 -0.17615442E-05
  0.64500000E+01  0.12749398E-05 -0.17634278E-05
  0.64600000E+01  0.12687464E-05 -0.17653443E-05
  0.64700000E+01  0.12624723E-05 -0.17672938E-05
  0.64800000E+01  0.12561181E-05 -0.17692768E-05
  0.64900000E+01  0.12496843E-05 -0.17712934E-05
  0.65000000E+01  0.12431715E-05 -0.17733439E-05
  0.65100000E+01  0.12365803E-05 -0.17754285E-05
  0.65200000E+01  0.12299115E-05 -0.17775476E-05
  0.65300000E+01  0.12231656E-05 -0.17797015E-05
  0.65400000E+01  0.12163433E-05 -0.17818903E-05
  0.65500000E+01  0.12094455E-05 -0.17841143E-05
  0.65600000E+01  0.12024730E-05 -0.17863740E-05
  0.65700000E+01  0.11954264E-05 -0.17886694E-05
  0.65800000E+01  0.11883068E-05 -0.17910009E-05
  0.65900000E+01  0.11811149E-05 -0.17933688E-05
  0.66000000E+01  0.11738517E-05 -0.17957734E-05
  0.66100000E+01  0.11665181E-05 -0.17982150E-05
  0.66200000E+01  0.11591152E-05 -0.18006938E-05
  0.66300000E+01  0.11516439E-05 -0.18032102E-05
  0.66400000E+01  0.11441053E-05 -0.18057645E-05
  0.66500000E+01  0.11365005E-05 -0.18083570E-05
  0.66600000E+01  0.11288305E-05 -0.18109880E-05
  0.66700000E+01  0.11210966E-05 -0.18136577E-05
  0.66800000E+01  0.11132999E-05 -0.18163667E-05
  0.66900000E+01  0.11054416E-05 -0.18191150E-05
  0.67000000E+01  0.10975230E-05 -0.18219032E-05
  0.67100000E+01  0.10895453E-05 -0.18247315E-05
  0.67200000E+01  0.10815098E-05 -0.18276003E-05
  0.67300000E+01  0.10734179E-05 -0.18305099E-05
  0.67400000E+01  0.10652709E-05 -0.18334606E-05
  0.67500000E+01  0.10570701E-05 -0.18364529E-05
  0.67600000E+01  0.10488171E-05 -0.18394870E-05
  0.67700000E+01  0.10405132E-05 -0.18425634E-05
  0.67800000E+01  0.10321600E-05 -0.18456824E-05
  0.67900000E+01  0.10237588E-05 -0.18488444E-05
  0.68000000E+01  0.10153113E-05 -0.18520497E-05
  0.68100000E+01  0.10068189E-05 -0.18552987E-05
  0.68200000E+01  0.99828323E-06 -0.18585919E-05
  0.68300000E+01  0.98970587E-06 -0.18619296E-05
  0.68400000E+01  0.98108842E-06 -0.18653122E-05
  0.68500000E+01  0.97243251E-06 -0.18687401E-05
  0.68600000E+01  0.96373979E-06 -0.18722137E-05
  0.68700000E+01  0.95501191E-06 -0.18757334E-05
  0.68800000E+01  0.94625056E-06 -0.18792996E-05
  0.68900000E+01  0.93745744E-06 -0.18829128E-05
  0.69000000E+01  0.92863426E-06 -0.18865733E-05
  0.69100000E+01  0.91978275E-06 -0.18902815E-05
  0.69200000E+01  0.91090464E-06 -0.18940380E-05
  0.69300000E+01  0.90200170E-06 -0.18978431E-05
  0.69400000E+01  0.89307567E-06 -0.19016972E-05
  0.69500000E+01  0.88412834E-06 -0.19056007E-05
  0.69600000E+01  0.87516147E-06 -0.19095541E-05
  0.69700000E+01  0.86617684E-06 -0.19135579E-05
  0.69800000E+01  0.85717625E-06 -0.19176124E-05
  0.69900000E+01  0.84816149E-06 -0.19217181E-05
  0.70000000E+01  0.83913433E-06 -0.19258754E-05
