   0.00000000E+000   0.26677057E-010
   0.30030030E-001   0.29796838E-010
   0.60060060E-001   0.39686736E-010
   0.90090090E-001   0.57977576E-010
   0.12012012E+000   0.87518440E-010
   0.15015015E+000   0.13258156E-009
   0.18018018E+000   0.19919218E-009
   0.21021021E+000   0.29569511E-009
   0.24024024E+000   0.43381131E-009
   0.27027027E+000   0.63064228E-009
   0.30030030E+000   0.91220334E-009
   0.33033033E+000   0.13185994E-008
   0.36036036E+000   0.19089371E-008
   0.39039039E+000   0.27599448E-008
   0.42042042E+000   0.39483283E-008
   0.45045045E+000   0.55099550E-008
   0.48048048E+000   0.73855056E-008
   0.51051051E+000   0.93858208E-008
   0.54054054E+000   0.11216218E-007
   0.57057057E+000   0.12566690E-007
   0.60060060E+000   0.13221293E-007
   0.63063063E+000   0.13116871E-007
   0.66066066E+000   0.12318609E-007
   0.69069069E+000   0.10943723E-007
   0.72072072E+000   0.90933014E-008
   0.75075075E+000   0.68270876E-008
   0.78078078E+000   0.41737156E-008
   0.81081081E+000   0.11502229E-008
   0.84084084E+000  -0.22264721E-008
   0.87087087E+000  -0.59377487E-008
   0.90090090E+000  -0.99654822E-008
   0.93093093E+000  -0.14293780E-007
   0.96096096E+000  -0.18909115E-007
   0.99099099E+000  -0.23799555E-007
   0.10210210E+001  -0.28953944E-007
   0.10510511E+001  -0.34361472E-007
   0.10810811E+001  -0.40011627E-007
   0.11111111E+001  -0.45894404E-007
   0.11411411E+001  -0.52000623E-007
   0.11711712E+001  -0.58322259E-007
   0.12012012E+001  -0.64852722E-007
   0.12312312E+001  -0.71587066E-007
   0.12612613E+001  -0.78522099E-007
   0.12912913E+001  -0.85656419E-007
   0.13213213E+001  -0.92990353E-007
   0.13513514E+001  -0.10052580E-006
   0.13813814E+001  -0.10826591E-006
   0.14114114E+001  -0.11621457E-006
   0.14414414E+001  -0.12437565E-006
   0.14714715E+001  -0.13275227E-006
   0.15015015E+001  -0.14134663E-006
   0.15315315E+001  -0.15016069E-006
   0.15615616E+001  -0.15919754E-006
   0.15915916E+001  -0.16846202E-006
   0.16216216E+001  -0.17795967E-006
   0.16516517E+001  -0.18769410E-006
   0.16816817E+001  -0.19766480E-006
   0.17117117E+001  -0.20786797E-006
   0.17417417E+001  -0.21830100E-006
   0.17717718E+001  -0.22897023E-006
   0.18018018E+001  -0.23990299E-006
   0.18318318E+001  -0.25116683E-006
   0.18618619E+001  -0.26291100E-006
   0.18918919E+001  -0.27544665E-006
   0.19219219E+001  -0.28941406E-006
   0.19519520E+001  -0.30611218E-006
   0.19819820E+001  -0.32820284E-006
   0.20120120E+001  -0.36117278E-006
   0.20420420E+001  -0.41562444E-006
   0.20720721E+001  -0.50974344E-006
   0.21021021E+001  -0.67297554E-006
   0.21321321E+001  -0.86748114E-006
   0.21621622E+001  -0.86297111E-006
   0.21921922E+001  -0.84071418E-006
   0.22222222E+001  -0.81853644E-006
   0.22522523E+001  -0.79038476E-006
   0.22822823E+001  -0.76048610E-006
   0.23123123E+001  -0.73082184E-006
   0.23423423E+001  -0.70170148E-006
   0.23723724E+001  -0.67343066E-006
   0.24024024E+001  -0.64645329E-006
   0.24324324E+001  -0.62102291E-006
   0.24624625E+001  -0.59713860E-006
   0.24924925E+001  -0.57467510E-006
   0.25225225E+001  -0.55349237E-006
   0.25525526E+001  -0.53346963E-006
   0.25825826E+001  -0.51449946E-006
   0.26126126E+001  -0.49647674E-006
   0.26426426E+001  -0.47929487E-006
   0.26726727E+001  -0.46284800E-006
   0.27027027E+001  -0.44703481E-006
   0.27327327E+001  -0.43176106E-006
   0.27627628E+001  -0.41694017E-006
   0.27927928E+001  -0.40249246E-006
   0.28228228E+001  -0.38834364E-006
   0.28528529E+001  -0.37442317E-006
   0.28828829E+001  -0.36066255E-006
   0.29129129E+001  -0.34699369E-006
   0.29429429E+001  -0.33334729E-006
   0.29729730E+001  -0.31965125E-006
   0.30030030E+001  -0.30582893E-006
   0.30330330E+001  -0.29179723E-006
   0.30630631E+001  -0.27746429E-006
   0.30930931E+001  -0.26272668E-006
   0.31231231E+001  -0.24746578E-006
   0.31531532E+001  -0.23154321E-006
   0.31831832E+001  -0.21479482E-006
   0.32132132E+001  -0.19702271E-006
   0.32432432E+001  -0.17798415E-006
   0.32732733E+001  -0.15737509E-006
   0.33033033E+001  -0.13480557E-006
   0.33333333E+001  -0.10976328E-006
   0.33633634E+001  -0.81557695E-007
   0.33933934E+001  -0.49231006E-007
   0.34234234E+001  -0.11414867E-007
   0.34534535E+001   0.33902958E-007
   0.34834835E+001   0.89740908E-007
   0.35135135E+001   0.16042212E-006
   0.35435435E+001   0.25021054E-006
   0.35735736E+001   0.35599399E-006
   0.36036036E+001   0.45373231E-006
   0.36336336E+001   0.50273079E-006
   0.36636637E+001   0.47548759E-006
   0.36936937E+001   0.51333483E-006
   0.37237237E+001   0.39633688E-006
   0.37537538E+001   0.19510591E-006
   0.37837838E+001  -0.11886457E-007
   0.38138138E+001  -0.22768571E-006
   0.38438438E+001  -0.44129980E-006
   0.38738739E+001  -0.63716912E-006
   0.39039039E+001  -0.80269097E-006
   0.39339339E+001  -0.93407498E-006
   0.39639640E+001  -0.10343887E-005
   0.39939940E+001  -0.11092941E-005
   0.40240240E+001  -0.11644630E-005
   0.40540541E+001  -0.12046320E-005
   0.40840841E+001  -0.12339552E-005
   0.41141141E+001  -0.12576426E-005
   0.41441441E+001  -0.12807823E-005
   0.41741742E+001  -0.13057511E-005
   0.42042042E+001  -0.13709961E-005
   0.42342342E+001  -0.12637500E-005
   0.42642643E+001  -0.11063813E-005
   0.42942943E+001  -0.98790835E-006
   0.43243243E+001  -0.92844634E-006
   0.43543544E+001  -0.88226451E-006
   0.43843844E+001  -0.82980774E-006
   0.44144144E+001  -0.77438264E-006
   0.44444444E+001  -0.71544375E-006
   0.44744745E+001  -0.65372871E-006
   0.45045045E+001  -0.59072839E-006
   0.45345345E+001  -0.52807866E-006
   0.45645646E+001  -0.46759689E-006
   0.45945946E+001  -0.41102556E-006
   0.46246246E+001  -0.35976475E-006
   0.46546547E+001  -0.31474503E-006
   0.46846847E+001  -0.27640673E-006
   0.47147147E+001  -0.24476207E-006
   0.47447447E+001  -0.21952192E-006
   0.47747748E+001  -0.20024493E-006
   0.48048048E+001  -0.18647207E-006
   0.48348348E+001  -0.17783711E-006
   0.48648649E+001  -0.17417312E-006
   0.48948949E+001  -0.17566456E-006
   0.49249249E+001  -0.18319228E-006
   0.49549550E+001  -0.19963340E-006
   0.49849850E+001  -0.24164030E-006
   0.50150150E+001  -0.24526279E-006
   0.50450450E+001  -0.22966596E-006
   0.50750751E+001  -0.23853700E-006
   0.51051051E+001  -0.25210416E-006
   0.51351351E+001  -0.26480326E-006
   0.51651652E+001  -0.27538346E-006
   0.51951952E+001  -0.28364551E-006
   0.52252252E+001  -0.28970970E-006
   0.52552553E+001  -0.29379930E-006
   0.52852853E+001  -0.29618111E-006
   0.53153153E+001  -0.29712952E-006
   0.53453453E+001  -0.29690453E-006
   0.53753754E+001  -0.29576459E-006
   0.54054054E+001  -0.29402695E-006
   0.54354354E+001  -0.29220714E-006
   0.54654655E+001  -0.29119176E-006
   0.54954955E+001  -0.29221691E-006
   0.55255255E+001  -0.29708375E-006
   0.55555556E+001  -0.30930375E-006
   0.55855856E+001  -0.33398322E-006
   0.56156156E+001  -0.36977503E-006
   0.56456456E+001  -0.40375334E-006
   0.56756757E+001  -0.40406828E-006
   0.57057057E+001  -0.32949618E-006
   0.57357357E+001  -0.34645538E-007
   0.57657658E+001   0.43596598E-006
   0.57957958E+001  -0.29052337E-006
   0.58258258E+001  -0.27888698E-006
   0.58558559E+001  -0.28113158E-006
   0.58858859E+001  -0.28932537E-006
   0.59159159E+001  -0.29949398E-006
   0.59459459E+001  -0.31000545E-006
   0.59759760E+001  -0.32026585E-006
   0.60060060E+001  -0.32992125E-006
   0.60360360E+001  -0.33864883E-006
   0.60660661E+001  -0.34616559E-006
   0.60960961E+001  -0.35220277E-006
   0.61261261E+001  -0.35647169E-006
   0.61561562E+001  -0.35865500E-006
   0.61861862E+001  -0.35840987E-006
   0.62162162E+001  -0.35538260E-006
   0.62462462E+001  -0.34927723E-006
   0.62762763E+001  -0.33998439E-006
   0.63063063E+001  -0.32743200E-006
   0.63363363E+001  -0.30777445E-006
   0.63663664E+001  -0.28922169E-006
   0.63963964E+001  -0.27481886E-006
   0.64264264E+001  -0.26488752E-006
   0.64564565E+001  -0.25921412E-006
   0.64864865E+001  -0.25650072E-006
   0.65165165E+001  -0.25564018E-006
   0.65465465E+001  -0.25614288E-006
   0.65765766E+001  -0.25782043E-006
   0.66066066E+001  -0.26056871E-006
   0.66366366E+001  -0.26430129E-006
   0.66666667E+001  -0.26892397E-006
   0.66966967E+001  -0.27432853E-006
   0.67267267E+001  -0.28038866E-006
   0.67567568E+001  -0.28696564E-006
   0.67867868E+001  -0.29391811E-006
   0.68168168E+001  -0.30110328E-006
   0.68468468E+001  -0.30837240E-006
   0.68768769E+001  -0.31556915E-006
   0.69069069E+001  -0.32253546E-006
   0.69369369E+001  -0.32912668E-006
   0.69669670E+001  -0.33523139E-006
   0.69969970E+001  -0.34078384E-006
   0.70270270E+001  -0.34576191E-006
   0.70570571E+001  -0.35016615E-006
   0.70870871E+001  -0.35397423E-006
   0.71171171E+001  -0.35712189E-006
   0.71471471E+001  -0.35955592E-006
   0.71771772E+001  -0.36126991E-006
   0.72072072E+001  -0.36231401E-006
   0.72372372E+001  -0.36283407E-006
   0.72672673E+001  -0.36302995E-006
   0.72972973E+001  -0.36305983E-006
   0.73273273E+001  -0.36302925E-006
   0.73573574E+001  -0.36300362E-006
   0.73873874E+001  -0.36299604E-006
   0.74174174E+001  -0.36297827E-006
   0.74474474E+001  -0.36290252E-006
   0.74774775E+001  -0.36270829E-006
   0.75075075E+001  -0.36232908E-006
   0.75375375E+001  -0.36170627E-006
   0.75675676E+001  -0.36079857E-006
   0.75975976E+001  -0.35958488E-006
   0.76276276E+001  -0.35806335E-006
   0.76576577E+001  -0.35622473E-006
   0.76876877E+001  -0.35413232E-006
   0.77177177E+001  -0.35186496E-006
   0.77477477E+001  -0.34943789E-006
   0.77777778E+001  -0.34684675E-006
   0.78078078E+001  -0.34389737E-006
   0.78378378E+001  -0.34038181E-006
   0.78678679E+001  -0.33658705E-006
   0.78978979E+001  -0.33251300E-006
   0.79279279E+001  -0.32817842E-006
   0.79579580E+001  -0.32361954E-006
   0.79879880E+001  -0.31883573E-006
   0.80180180E+001  -0.31381865E-006
   0.80480480E+001  -0.30880249E-006
   0.80780781E+001  -0.30322275E-006
   0.81081081E+001  -0.29930391E-006
   0.81381381E+001  -0.28802207E-006
   0.81681682E+001  -0.27477570E-006
   0.81981982E+001  -0.25990184E-006
   0.82282282E+001  -0.25116332E-006
   0.82582583E+001  -0.24538168E-006
   0.82882883E+001  -0.24025875E-006
   0.83183183E+001  -0.23809964E-006
   0.83483483E+001  -0.23762196E-006
   0.83783784E+001  -0.23910142E-006
   0.84084084E+001  -0.24143172E-006
   0.84384384E+001  -0.24314514E-006
   0.84684685E+001  -0.24201862E-006
   0.84984985E+001  -0.24175000E-006
   0.85285285E+001  -0.24155562E-006
   0.85585586E+001  -0.24887350E-006
   0.85885886E+001  -0.24261614E-006
   0.86186186E+001  -0.20127710E-006
   0.86486486E+001  -0.17763039E-006
   0.86786787E+001  -0.16444844E-006
   0.87087087E+001  -0.15625499E-006
   0.87387387E+001  -0.15064041E-006
   0.87687688E+001  -0.14418194E-006
   0.87987988E+001  -0.13846367E-006
   0.88288288E+001  -0.13316286E-006
   0.88588589E+001  -0.12805441E-006
   0.88888889E+001  -0.12321036E-006
   0.89189189E+001  -0.11964924E-006
   0.89489489E+001  -0.11658248E-006
   0.89789790E+001  -0.11394338E-006
   0.90090090E+001  -0.11194817E-006
   0.90390390E+001  -0.11053711E-006
   0.90690691E+001  -0.11022422E-006
   0.90990991E+001  -0.10707749E-006
   0.91291291E+001  -0.10243086E-006
   0.91591592E+001  -0.98044828E-007
   0.91891892E+001  -0.93847151E-007
   0.92192192E+001  -0.89930490E-007
   0.92492492E+001  -0.86282005E-007
   0.92792793E+001  -0.82892646E-007
   0.93093093E+001  -0.79760771E-007
   0.93393393E+001  -0.76873388E-007
   0.93693694E+001  -0.74212607E-007
   0.93993994E+001  -0.71758653E-007
   0.94294294E+001  -0.69489412E-007
   0.94594595E+001  -0.67382650E-007
   0.94894895E+001  -0.65420866E-007
   0.95195195E+001  -0.63595993E-007
   0.95495495E+001  -0.61911431E-007
   0.95795796E+001  -0.60381381E-007
   0.96096096E+001  -0.59028831E-007
   0.96396396E+001  -0.57881013E-007
   0.96696697E+001  -0.56960397E-007
   0.96996997E+001  -0.56274973E-007
   0.97297297E+001  -0.55816364E-007
   0.97597598E+001  -0.55581791E-007
   0.97897898E+001  -0.55612475E-007
   0.98198198E+001  -0.55873206E-007
   0.98498498E+001  -0.56261825E-007
   0.98798799E+001  -0.56894477E-007
   0.99099099E+001  -0.52897830E-007
   0.99399399E+001  -0.53237701E-007
   0.99699700E+001  -0.52921613E-007
   0.10000000E+002  -0.51977534E-007
